100
99 87 8 62 0 92 91 83 33 5 16 42 51 34 53 20 45 60 35 10 52 54 11 14 69 74 44 41 89 18 98 72 27 79 48 58 47 29 88 93 37 23 30 22 86 81 56 84 71 39 40 28 82 9 68 95 85 63 43 6 15 77 13 38 78 90 67 25 75 2 24 31 19 4 46 96 64 59 17 65 57 12 26 36 76 1 32 97 3 50 55 21 73 66 49 80 61 7 94 70
25 64 52 47 95 53 51 55 65 28 5 56 61 42 19 99 45 4 27 48 11 91 82 63 36 79 60 74 96 21 86 20 33 93 22 83 34 18 67 1 13 30 3 84 16 54 87 62 6 59 17 92 38 40 57 41 98 14 49 12 10 70 80 37 26 15 77 39 69 71 50 75 29 72 90 0 85 94 43 44 97 7 23 81 46 89 58 66 2 76 8 78 31 35 32 68 73 88 9 24
58 24 9 51 27 53 52 29 30 2 5 69 99 66 60 73 12 40 38 10 49 65 32 94 42 77 85 54 87 39 96 67 19 41 78 81 63 74 55 68 8 6 80 44 17 98 23 7 83 71 95 28 37 14 20 91 43 93 26 88 64 31 82 84 11 76 61 57 15 72 86 75 35 18 46 97 90 45 21 59 47 0 79 22 89 3 36 34 33 92 56 25 62 50 48 70 16 4 13 1
84 76 49 35 8 55 28 19 69 24 45 32 10 60 56 57 16 93 75 11 78 77 48 9 50 83 58 90 70 44 14 98 47 2 12 81 26 34 15 66 42 91 20 30 23 99 25 3 67 61 41 73 95 89 87 18 21 6 85 36 68 43 4 38 59 40 54 74 51 46 31 0 62 71 1 80 37 86 22 72 82 63 88 96 29 53 65 64 52 94 7 17 13 39 5 92 97 79 33 27
18 25 94 36 78 52 7 13 54 98 17 15 14 4 74 73 81 26 11 31 1 32 84 53 55 3 86 48 96 69 56 8 10 91 87 59 28 45 39 6 51 43 62 70 22 24 46 75 61 76 19 9 44 99 34 33 5 37 88 85 47 83 60 12 90 30 16 64 95 79 50 66 20 65 38 35 49 21 89 93 42 2 80 27 71 0 92 41 67 29 63 72 77 57 82 23 68 58 97 40
94 40 27 9 99 16 83 81 93 28 4 30 84 89 96 23 76 50 7 3 11 31 52 64 21 59 22 73 97 10 72 58 46 91 14 47 75 56 34 13 35 25 67 41 68 6 43 88 63 0 2 69 62 57 55 1 48 19 95 61 45 38 8 98 71 86 82 53 12 87 18 33 49 17 70 39 65 26 36 32 79 92 77 20 85 42 74 5 24 66 78 54 29 51 37 44 80 15 90 60
86 12 75 44 54 46 37 33 51 50 57 89 53 23 79 11 43 35 5 61 63 74 45 72 32 84 36 69 8 15 9 78 24 92 1 48 27 47 97 30 49 4 6 91 71 81 28 66 52 0 13 19 22 20 83 93 18 87 95 14 59 55 60 21 67 76 82 17 39 88 94 77 2 96 58 10 40 26 41 85 70 42 64 68 34 98 7 73 80 25 16 56 90 31 65 62 38 29 3 99
9 89 30 42 45 22 11 69 8 49 62 53 77 29 5 3 41 83 2 14 87 23 47 28 50 15 38 84 0 60 72 18 19 10 92 39 68 54 20 64 4 36 16 34 80 59 61 48 97 81 96 46 33 79 17 74 24 82 63 21 58 7 98 76 43 99 70 35 12 25 52 56 73 27 85 90 95 13 37 75 65 1 32 31 66 44 93 40 71 57 51 78 86 91 67 6 88 55 26 94
25 24 12 89 34 70 18 86 76 53 90 35 64 69 66 77 6 38 49 1 65 2 47 16 5 80 96 28 94 87 44 41 43 21 39 79 37 29 17 88 4 85 63 45 51 68 40 83 48 84 42 55 62 30 15 31 52 11 95 59 3 81 67 27 57 23 26 75 97 93 13 9 72 46 99 74 61 14 58 33 19 7 92 71 54 60 82 50 36 10 56 73 22 98 78 20 91 32 8 0
29 52 99 6 40 94 44 25 18 3 79 41 35 2 21 42 93 8 30 58 51 98 81 16 11 69 70 39 63 27 96 26 23 60 4 38 55 86 85 68 14 88 56 32 57 91 62 17 28 9 33 78 89 24 7 92 22 12 50 84 53 80 87 47 1 61 0 83 64 73 49 66 43 34 59 77 36 31 13 54 95 46 82 45 5 48 97 74 37 19 76 90 20 71 67 75 10 72 15 65
35 42 10 41 63 58 52 11 43 46 57 76 60 20 51 21 64 45 31 94 82 67 22 53 55 81 30 79 3 56 80 68 87 1 62 91 37 40 6 8 17 77 38 23 36 99 15 5 16 9 89 85 39 78 69 29 24 65 44 74 27 48 73 61 90 19 96 75 0 4 97 84 7 70 49 14 59 34 13 93 86 71 50 33 72 12 47 98 32 66 95 54 28 88 83 25 18 2 92 26
99 88 42 80 86 77 93 72 5 73 3 81 35 34 60 55 12 58 47 61 24 64 29 1 53 18 69 83 78 25 9 31 11 32 2 75 0 54 96 76 91 67 92 45 26 95 97 57 66 15 41 22 65 62 98 38 82 39 68 4 52 33 40 94 30 71 19 16 48 14 59 50 79 90 56 21 7 85 37 6 63 23 49 28 74 51 89 10 36 8 20 43 17 27 84 44 70 87 13 46
92 74 33 8 89 56 88 22 17 26 71 15 28 72 5 70 60 4 9 30 27 62 36 20 94 57 73 48 99 32 87 2 49 63 31 34 84 93 53 98 83 37 68 50 67 14 3 7 29 59 42 96 90 41 44 23 58 82 66 25 64 43 46 61 18 77 16 38 79 86 81 40 39 0 35 51 13 75 11 69 95 55 97 85 54 47 91 65 45 78 24 19 6 21 10 76 12 52 1 80
81 47 55 18 66 22 60 1 86 63 7 67 71 52 9 20 69 94 51 80 32 43 99 30 37 33 17 83 64 82 5 27 90 88 0 79 3 23 98 53 87 75 96 29 38 25 26 85 19 46 57 34 41 21 97 84 11 39 58 45 12 68 14 78 16 92 74 50 91 28 93 89 59 73 54 36 76 61 49 6 2 13 8 48 62 44 70 10 24 40 72 95 15 56 35 77 65 42 4 31
91 85 48 74 2 87 36 5 4 65 88 46 97 94 33 92 86 58 61 25 70 16 23 66 20 72 29 64 75 22 79 96 19 14 11 52 34 12 95 1 43 10 93 68 28 57 69 54 82 59 32 39 3 8 24 71 30 76 0 78 42 81 27 37 7 35 17 6 77 38 89 41 18 80 9 21 44 90 47 50 53 60 84 98 51 45 13 99 26 40 73 31 56 15 63 49 62 55 67 83
73 97 27 32 37 44 10 94 60 88 58 31 84 72 82 87 4 5 86 6 90 51 65 30 81 19 24 46 64 55 99 85 96 1 71 67 25 41 75 70 14 56 45 7 74 79 95 42 29 35 47 53 38 40 98 3 68 9 12 11 43 66 26 63 0 36 13 34 33 39 54 62 83 49 61 17 57 78 23 48 20 28 52 18 92 21 76 2 59 8 16 80 50 89 93 15 69 91 22 77
44 70 56 47 7 38 1 99 82 16 60 55 65 33 83 11 41 9 76 52 31 67 84 62 27 3 63 75 8 68 17 23 77 66 79 51 69 71 36 43 48 40 93 37 29 86 19 10 98 34 49 20 54 91 22 39 2 12 5 78 61 72 53 30 58 21 57 18 6 15 73 94 24 95 64 0 14 50 74 45 59 28 81 26 80 13 92 85 97 87 32 96 25 35 46 4 88 89 90 42
74 40 31 70 52 4 14 98 28 99 23 7 53 67 68 24 56 8 11 6 17 65 86 58 41 81 0 38 33 55 32 72 44 89 71 10 66 21 60 93 27 75 3 96 54 15 48 2 91 83 64 94 88 73 87 34 16 26 30 77 13 35 49 39 47 12 97 90 45 37 42 19 69 61 22 43 59 51 76 25 63 82 92 62 50 84 36 20 57 95 18 85 5 80 1 79 9 46 78 29
12 69 32 75 37 96 27 46 1 82 17 73 6 29 54 42 47 66 94 93 67 64 58 21 99 60 83 44 20 71 90 5 26 9 53 68 61 63 91 7 41 15 74 59 23 88 35 84 86 43 36 4 92 51 98 19 50 38 56 95 0 13 24 81 2 79 57 76 8 52 62 55 78 70 40 18 77 25 28 48 11 87 14 72 3 33 80 89 85 97 31 65 16 22 39 10 30 49 34 45
58 28 59 26 41 13 33 16 48 96 94 37 98 90 88 18 24 10 71 80 63 72 19 91 32 89 1 36 66 3 31 54 92 84 49 65 38 83 51 29 76 44 50 40 81 52 93 85 55 67 56 61 45 62 27 74 43 17 68 53 14 47 69 34 30 9 64 7 77 15 25 23 2 35 70 22 6 11 78 0 21 60 5 86 20 75 99 82 46 95 57 39 12 4 42 73 79 8 87 97
42 5 26 44 31 36 47 18 77 83 81 59 61 32 90 97 15 84 98 51 86 54 91 24 1 74 2 60 75 34 16 76 43 6 28 71 41 29 58 68 10 89 93 92 67 0 46 14 48 95 52 30 37 70 79 64 7 87 72 3 25 4 78 49 63 62 19 9 35 82 8 55 38 22 12 99 11 66 17 27 65 13 69 20 50 80 56 23 94 45 33 57 39 85 53 40 21 96 73 88
70 45 18 47 73 64 40 23 35 65 55 78 72 60 94 38 48 2 75 43 62 49 29 93 17 26 44 51 28 77 99 21 61 56 37 24 71 88 74 8 95 5 16 66 11 90 52 31 4 22 97 67 12 15 27 83 98 10 46 59 50 91 20 30 69 58 68 53 87 63 13 79 0 3 19 34 82 54 33 39 36 57 86 14 9 92 42 76 41 7 81 89 6 80 25 96 32 85 1 84
89 68 85 37 43 49 1 27 84 9 31 17 16 18 39 79 93 53 41 70 61 29 81 67 8 62 38 15 34 82 26 20 74 94 50 69 56 0 83 55 22 7 96 19 35 90 23 12 80 5 98 86 87 51 73 48 46 6 47 14 10 63 58 99 95 30 40 60 24 78 13 44 72 52 36 25 2 65 91 64 45 42 11 97 88 32 71 21 54 3 57 66 28 4 76 59 77 75 92 33
8 28 43 17 33 7 4 0 85 69 2 26 70 51 84 11 36 15 55 31 24 16 5 99 98 62 45 1 67 42 18 53 94 56 49 25 71 81 14 35 20 91 50 57 19 95 88 23 9 34 12 10 73 74 52 47 61 37 41 59 72 6 87 29 38 58 97 39 68 75 79 83 78 76 96 66 54 60 48 21 64 32 46 13 63 44 3 65 90 22 77 30 89 82 86 80 92 27 93 40
95 80 30 28 57 65 19 61 8 53 34 78 49 24 42 23 77 73 51 36 14 0 41 3 72 17 25 39 21 59 5 9 62 2 97 50 22 74 93 67 54 92 60 27 75 76 6 68 58 88 82 69 89 29 12 18 47 85 70 1 35 63 99 45 10 87 31 26 40 91 66 84 96 52 4 94 33 48 43 56 90 32 46 71 38 64 79 44 13 16 7 86 15 81 98 37 11 20 55 83
28 8 85 80 23 30 3 79 64 72 84 44 53 68 56 74 38 16 40 91 29 47 86 48 55 39 83 99 77 6 20 92 60 9 14 22 94 65 95 0 21 24 63 4 57 50 11 5 88 87 2 93 89 17 13 49 82 58 46 19 35 98 12 45 51 96 25 43 52 66 27 26 67 69 73 31 15 71 59 33 97 61 78 36 81 32 42 10 62 41 37 1 18 7 76 34 70 54 75 90
81 51 47 7 88 48 9 90 84 46 95 25 53 6 44 1 45 94 76 22 12 72 10 49 33 62 85 23 16 15 28 66 21 59 54 92 55 36 19 60 18 68 13 98 29 82 8 37 74 30 40 34 42 83 24 97 20 67 65 64 41 50 35 71 79 0 39 43 99 75 52 26 58 63 31 56 69 38 61 89 73 77 11 78 93 87 2 27 70 57 32 4 3 5 80 14 86 17 96 91
1 63 42 40 43 56 36 20 51 21 96 6 54 83 88 23 86 45 71 92 69 25 84 35 91 72 64 99 46 44 11 52 33 59 65 89 7 74 79 55 66 95 97 77 53 39 82 22 87 48 5 78 62 4 3 15 13 17 37 16 12 9 90 85 32 50 29 34 31 18 2 68 94 49 76 93 24 0 30 73 57 26 81 47 41 67 61 10 60 8 98 28 75 19 80 38 27 14 58 70
14 21 27 32 2 75 67 87 85 20 6 54 81 79 12 59 51 41 9 1 5 45 0 46 69 40 36 58 61 76 28 48 49 25 38 57 35 47 19 64 16 63 7 33 94 11 53 93 78 86 66 72 80 37 10 52 55 39 26 70 96 99 42 90 95 56 71 73 74 50 22 18 82 34 44 8 24 84 68 77 43 83 17 62 13 91 65 97 31 15 89 30 4 29 60 92 88 98 23 3
70 36 67 65 2 71 54 48 91 5 23 73 18 31 21 38 51 16 47 45 11 4 59 80 94 86 29 95 55 69 26 40 19 35 74 76 50 72 78 68 12 97 49 60 63 30 24 3 57 28 41 99 1 98 64 42 92 77 39 58 14 32 88 90 13 84 61 46 52 89 79 10 15 66 27 7 37 75 96 17 25 0 22 44 93 34 56 62 43 33 87 9 8 82 85 81 6 20 53 83
82 88 67 96 20 79 87 29 68 69 64 23 86 5 95 45 47 93 63 83 27 11 2 75 40 35 38 31 50 70 54 55 22 51 28 52 43 7 33 48 80 36 42 3 24 94 78 32 65 60 66 34 89 21 1 85 71 30 81 46 8 97 4 17 0 59 92 91 9 53 14 62 61 12 19 74 25 37 18 98 76 44 57 99 41 16 49 84 10 6 77 39 73 58 56 26 15 90 13 72
14 71 54 13 15 31 9 21 46 35 27 77 20 59 73 81 16 86 56 99 2 38 39 32 79 94 92 66 52 28 62 51 34 55 25 26 5 58 80 24 74 67 78 33 70 7 43 18 29 72 22 36 44 6 42 19 3 84 40 75 1 60 85 17 82 57 11 83 12 69 88 47 76 97 96 30 48 63 37 50 0 89 41 10 91 49 53 98 87 90 23 93 64 4 45 95 68 61 8 65
69 24 58 26 29 53 66 2 83 28 96 71 9 98 64 88 97 11 25 48 91 38 67 30 68 6 37 33 41 63 89 52 22 27 20 8 57 15 43 7 72 81 4 76 12 92 65 40 82 51 10 44 3 54 31 45 62 85 50 36 21 14 78 0 42 56 84 73 47 61 94 32 59 39 18 19 74 99 93 17 55 79 86 23 1 77 46 34 95 90 49 16 5 87 60 35 80 13 70 75
8 79 51 9 15 27 46 20 75 91 24 1 31 67 80 94 85 39 71 69 52 63 53 12 34 2 95 0 73 5 72 40 6 30 83 35 98 76 22 54 96 26 57 47 7 21 36 43 10 68 16 92 93 81 90 41 4 84 77 78 11 97 28 74 38 62 3 18 61 70 19 82 64 56 29 14 58 23 88 49 60 86 87 37 89 44 13 50 42 99 45 55 48 33 17 25 59 32 66 65
15 47 20 16 10 85 45 72 99 24 61 94 76 1 44 67 12 81 70 80 90 25 48 57 11 29 86 96 68 95 50 98 34 43 18 38 0 55 56 78 30 22 19 69 82 21 73 64 8 37 3 77 51 91 62 58 88 52 63 59 97 92 23 9 35 83 93 87 46 27 31 28 65 36 33 5 75 32 26 71 74 49 40 2 84 39 13 89 42 54 53 7 66 17 14 79 4 41 60 6
68 76 3 16 92 51 25 18 83 99 26 66 7 81 49 53 74 27 85 89 1 70 75 73 12 65 97 4 0 60 44 41 77 22 36 62 5 47 31 91 20 37 14 86 80 58 64 79 10 39 88 72 38 17 56 21 95 84 71 69 11 46 96 90 61 59 48 67 45 82 30 33 57 93 9 13 19 55 78 23 98 94 32 54 28 29 8 15 6 63 43 50 87 24 40 34 35 2 42 52
2 5 29 54 34 0 73 47 63 90 42 88 19 21 30 27 20 87 59 76 75 77 11 92 44 31 98 43 69 41 89 10 32 13 26 1 60 91 40 17 86 35 96 85 22 68 3 62 38 82 50 6 95 94 33 53 9 4 46 81 39 45 93 97 78 49 15 12 83 8 24 80 36 51 84 71 55 28 14 23 72 66 64 67 18 65 58 37 99 56 70 25 74 16 57 61 52 48 79 7
57 7 6 21 78 54 85 32 98 60 3 80 0 91 59 44 40 13 27 68 84 53 23 52 14 1 15 99 17 56 72 64 39 36 62 86 38 37 90 83 66 26 31 48 69 34 4 61 76 58 97 28 9 25 51 79 74 33 30 55 46 2 67 22 92 63 11 12 96 93 47 82 89 88 42 50 70 65 20 8 10 71 18 24 19 75 81 73 94 95 5 29 87 77 43 49 35 45 16 41
46 32 56 66 81 37 40 99 41 24 55 89 83 31 25 51 48 38 16 22 0 63 6 61 27 19 43 58 15 20 8 59 52 39 9 88 21 17 74 82 57 92 3 93 33 90 45 72 18 68 11 28 70 13 97 77 4 71 7 34 64 86 29 75 42 65 44 30 35 91 95 62 78 1 36 80 5 79 26 94 84 14 73 87 47 2 10 76 23 67 53 85 12 96 54 98 50 69 60 49
85 33 48 16 40 37 53 98 86 81 62 28 21 68 70 23 26 69 34 55 76 43 73 61 38 65 84 10 57 89 27 9 6 74 77 46 35 7 29 18 30 60 42 24 22 12 99 93 56 71 95 3 32 96 58 75 59 13 64 0 4 87 92 5 83 47 15 50 78 20 17 90 66 91 14 80 39 88 2 52 82 25 36 1 45 51 79 31 67 19 8 44 54 97 63 41 94 49 72 11
44 49 74 36 0 37 60 11 68 56 98 77 47 62 69 29 34 8 88 70 97 55 5 13 2 79 64 73 72 48 25 81 89 28 38 53 30 19 26 9 92 51 42 6 33 22 50 93 20 46 83 35 58 14 71 54 27 40 1 45 12 24 96 10 94 63 80 99 59 85 18 39 17 15 78 52 95 65 4 76 66 21 87 86 82 43 32 41 31 61 23 67 91 7 3 90 75 84 57 16
89 69 99 82 17 63 38 66 26 19 97 77 94 68 11 71 95 79 28 8 30 46 3 1 22 49 18 62 33 73 7 50 44 91 53 76 67 10 64 39 86 60 56 85 43 27 78 83 12 87 96 98 54 5 72 34 52 61 59 2 36 6 47 20 16 75 35 84 21 4 55 0 81 42 29 70 41 74 24 31 92 45 13 15 40 51 48 57 32 90 14 58 23 37 93 65 80 88 9 25
70 39 89 7 24 64 58 57 54 17 82 79 69 12 83 50 48 30 73 16 71 2 56 0 51 59 68 95 33 9 90 3 65 41 87 4 61 36 25 8 46 97 94 40 43 76 80 21 74 22 18 88 93 81 29 91 98 60 26 27 52 84 75 85 23 86 47 15 6 37 66 31 1 63 44 99 45 78 28 11 62 55 53 77 13 5 34 32 14 92 96 38 10 67 19 49 42 35 72 20
25 63 15 71 55 79 19 89 35 10 88 17 92 97 94 26 2 21 6 83 76 56 8 93 14 80 85 65 33 61 54 23 7 44 0 40 78 39 46 62 98 22 49 30 67 52 1 68 73 20 3 27 29 13 9 41 28 50 64 32 66 31 70 11 5 82 42 77 58 74 95 87 60 90 43 38 96 12 59 81 57 84 99 69 4 45 16 34 53 75 24 91 37 18 72 51 47 36 86 48
56 0 99 57 68 30 25 15 32 78 80 62 65 44 18 20 40 41 83 29 97 45 77 14 46 16 50 13 27 1 82 60 31 88 21 69 53 12 43 75 38 64 59 34 17 86 81 71 67 11 96 51 39 7 76 90 98 42 2 22 35 58 10 72 79 52 5 33 63 54 8 49 70 24 89 55 73 36 37 91 6 48 95 4 85 47 93 74 94 28 19 66 84 9 23 61 87 92 3 26
73 91 59 9 54 7 22 87 57 39 36 29 37 76 17 2 6 41 15 82 12 42 92 96 26 49 33 35 38 64 45 67 14 25 81 95 53 79 86 70 5 58 74 20 52 99 78 88 65 21 18 90 43 46 75 60 62 16 44 19 80 69 24 31 3 28 30 72 93 63 68 71 27 50 40 84 77 94 48 4 32 85 47 23 0 97 10 13 51 89 56 98 55 66 1 11 34 61 8 83
51 79 26 0 85 6 18 22 77 91 2 92 23 90 98 27 13 97 41 21 17 38 95 3 65 78 67 31 61 50 16 45 84 53 44 7 75 60 4 59 69 57 58 34 62 37 72 56 76 94 19 15 8 10 89 81 70 25 35 5 14 68 88 20 30 43 24 52 47 32 87 73 86 71 12 9 66 1 29 99 40 39 82 55 83 33 46 64 11 80 28 36 93 96 74 48 63 54 49 42
42 94 33 75 71 2 41 79 92 86 37 35 70 7 72 39 40 17 28 32 46 6 48 85 1 87 50 9 8 10 25 90 16 74 3 95 97 36 99 34 56 81 91 57 62 24 60 55 13 67 53 88 31 63 59 30 64 21 20 19 69 47 45 5 52 44 26 89 83 93 68 12 18 65 38 23 58 4 15 51 29 61 80 73 84 54 82 98 77 11 66 96 14 76 43 49 27 0 78 22
43 8 75 81 66 94 97 20 55 13 95 82 37 68 90 9 78 71 19 38 42 34 93 6 39 74 56 11 83 47 58 99 46 40 30 15 61 5 7 36 62 91 10 69 52 77 73 49 48 24 50 64 2 59 57 87 29 23 60 16 1 22 92 80 25 85 72 27 0 98 44 32 45 65 41 21 35 33 51 14 63 18 12 3 96 89 67 76 17 26 88 86 54 84 53 70 79 4 28 31
73 56 55 21 8 24 22 51 3 58 17 52 37 12 86 49 92 29 34 4 28 7 26 82 84 98 48 68 25 38 16 5 13 76 75 18 67 97 36 85 50 80 87 88 6 72 74 2 31 40 23 33 1 47 35 94 96 63 30 71 9 27 81 95 61 39 41 45 70 62 93 69 65 99 78 11 90 54 59 32 79 77 43 66 83 44 57 19 15 91 89 46 64 0 60 20 42 10 53 14
89 71 57 15 62 56 42 65 68 88 39 47 53 2 55 91 43 37 17 14 28 78 31 21 52 95 24 23 74 8 20 98 76 70 60 30 69 22 85 4 34 61 27 75 93 7 63 59 3 11 25 86 9 41 94 16 10 58 80 67 77 13 38 40 97 18 12 48 64 99 90 26 87 6 96 72 0 33 1 79 45 54 19 83 92 49 44 51 50 81 29 5 46 32 82 73 66 84 35 36
73 85 5 90 26 69 97 83 42 63 87 96 14 6 92 62 47 23 58 95 70 52 64 78 24 77 93 9 7 22 38 89 98 84 1 8 33 27 18 59 72 79 99 32 82 3 28 2 29 16 41 40 46 0 35 57 86 81 31 37 91 55 19 61 68 80 50 25 88 53 60 45 74 39 4 13 56 54 71 10 76 36 51 11 49 20 65 30 43 75 34 17 12 21 94 66 67 44 48 15
60 74 99 94 87 55 53 89 20 83 37 86 45 79 0 93 72 91 32 29 58 8 64 47 62 9 25 41 54 11 80 56 49 97 31 43 69 26 52 50 75 90 28 65 71 77 42 78 92 12 39 67 6 88 30 22 4 51 95 14 63 82 17 68 59 98 40 57 2 35 21 38 48 7 10 36 84 81 16 33 18 19 73 27 70 1 66 24 13 61 46 15 23 5 3 34 76 44 96 85
45 49 60 74 72 77 47 5 83 13 15 88 40 18 97 46 82 25 26 59 42 68 61 99 84 52 36 0 70 63 1 67 33 4 94 91 38 17 69 66 51 92 64 21 14 53 34 35 41 89 28 12 9 19 54 85 57 96 43 37 79 20 78 56 58 98 86 32 44 87 80 2 16 39 7 10 73 71 81 50 62 48 90 6 27 11 24 23 76 30 95 31 65 22 3 29 93 55 75 8
74 62 99 34 1 66 39 78 85 36 15 27 4 21 2 25 41 65 28 67 0 87 53 79 61 10 95 43 40 13 86 83 23 30 49 46 24 20 91 76 69 6 3 63 56 26 33 94 44 92 35 70 82 68 11 88 84 14 93 45 50 96 72 29 52 64 51 73 38 22 12 55 42 71 81 97 90 58 48 89 31 8 47 19 18 7 59 57 60 75 54 80 98 9 5 37 77 32 16 17
2 71 57 85 77 90 95 89 51 99 62 48 66 18 45 9 34 83 22 88 97 43 64 56 4 7 16 75 82 12 37 13 26 3 11 31 29 79 36 98 35 23 14 42 24 52 96 92 47 63 46 80 74 59 93 21 39 27 30 49 55 0 67 19 61 15 33 94 50 87 25 1 28 5 32 10 65 81 69 41 6 8 54 44 60 40 58 20 53 70 72 86 91 17 68 38 78 84 73 76
24 0 19 20 44 23 10 96 8 66 22 18 33 88 85 31 41 82 80 43 13 15 51 86 52 63 73 75 48 1 95 49 55 54 59 83 12 61 97 92 79 25 81 72 3 67 94 38 7 32 11 98 26 27 50 65 6 71 30 90 36 39 34 70 45 77 14 53 78 74 29 47 93 91 69 57 46 42 89 56 62 64 17 5 40 87 35 68 4 9 99 58 84 28 76 37 2 21 60 16
83 87 40 86 18 85 21 78 56 44 3 96 1 80 31 81 23 55 22 43 75 84 28 70 63 30 54 91 24 38 20 16 36 34 14 9 88 45 4 42 5 58 92 98 90 68 8 48 69 12 71 72 33 95 61 65 77 74 26 25 62 82 13 79 17 59 94 49 39 57 27 99 89 97 37 51 67 64 2 46 15 6 10 35 11 66 47 73 41 0 19 76 29 93 52 50 7 60 32 53
38 75 13 84 94 76 72 0 85 45 14 63 24 20 96 74 57 46 87 80 28 47 48 32 6 69 41 97 12 34 31 62 89 50 61 68 17 81 95 1 15 11 86 30 16 3 25 71 27 44 98 4 91 40 64 58 7 19 92 99 90 35 26 82 8 22 56 51 77 65 18 55 93 2 37 43 59 33 39 21 10 60 29 79 73 83 78 53 67 54 49 23 52 9 66 88 70 36 42 5
71 91 87 31 1 20 8 85 15 44 90 97 73 59 92 28 62 96 17 36 82 9 38 43 53 94 99 89 11 22 48 42 25 74 23 10 27 83 81 54 68 0 57 46 95 51 34 3 65 24 50 52 98 32 13 2 72 61 75 66 5 76 39 88 41 78 4 80 19 14 58 47 69 37 6 79 49 63 77 84 33 7 12 40 55 18 86 45 26 35 60 29 56 21 93 70 67 30 64 16
85 87 37 95 67 2 98 20 30 68 50 78 77 16 26 92 71 42 60 93 58 51 6 4 19 39 57 65 12 17 81 5 29 48 45 64 66 99 14 28 0 52 24 59 25 53 3 83 72 10 27 44 80 43 62 73 15 82 91 94 40 38 22 61 69 36 84 55 8 9 7 49 89 18 13 76 46 63 34 70 75 33 88 96 54 41 1 79 90 21 97 86 32 35 31 56 47 23 74 11
61 40 3 4 83 92 30 95 12 27 41 7 79 76 94 71 80 31 47 20 9 90 68 64 37 16 21 85 2 73 0 98 45 25 87 17 13 36 97 55 8 10 66 22 5 14 56 84 52 91 11 78 48 19 39 33 32 43 65 60 42 46 69 89 6 44 82 1 18 34 51 35 53 70 72 99 24 50 81 15 28 88 62 57 67 58 54 23 86 96 59 63 38 77 93 29 49 26 75 74
4 94 86 53 60 7 21 99 77 76 34 22 8 48 80 1 46 33 38 36 51 17 83 10 87 32 85 56 24 44 50 67 63 92 89 68 43 82 40 65 6 3 98 31 11 9 95 18 45 25 30 47 19 74 57 27 75 29 62 23 71 0 15 91 88 69 37 16 55 13 64 78 12 72 26 84 42 28 2 73 61 96 52 70 20 59 66 90 93 79 41 97 81 58 39 35 49 5 14 54
65 2 76 38 11 88 50 62 69 28 63 25 30 26 58 59 35 51 75 22 42 94 44 57 84 14 90 23 79 91 27 99 18 32 97 74 7 19 43 78 61 56 49 96 66 39 85 81 31 33 71 87 93 15 10 34 4 95 12 8 98 16 72 92 9 52 80 60 3 46 55 41 53 40 70 5 37 24 47 0 64 89 68 21 45 83 29 6 1 86 36 13 17 54 48 82 67 77 20 73
33 60 56 46 91 10 83 32 59 67 85 21 81 69 37 6 47 24 68 98 71 19 93 18 1 30 14 58 73 13 22 28 77 39 2 63 38 72 7 54 25 17 31 53 96 27 51 34 94 16 76 75 62 99 3 4 44 23 52 87 89 66 11 42 74 55 78 97 43 5 70 49 57 45 29 9 65 79 40 20 64 95 12 84 90 88 8 92 0 15 61 80 50 48 26 82 35 86 36 41
88 77 67 24 74 13 20 53 69 52 96 81 47 93 75 10 0 32 31 62 60 35 5 58 18 57 84 97 36 98 56 27 66 23 19 39 50 41 4 83 64 78 95 46 40 29 54 33 44 90 43 1 63 2 28 59 92 26 9 14 71 80 3 55 94 76 38 42 17 16 72 11 51 7 65 21 34 73 79 30 86 87 70 48 15 37 12 6 68 91 25 8 22 89 45 85 82 99 49 61
59 65 11 43 77 63 15 6 67 99 32 94 17 42 34 39 89 19 0 45 8 49 14 78 60 38 26 71 68 93 46 40 27 72 91 48 76 31 97 58 12 86 16 56 37 64 36 96 50 80 5 21 55 69 61 35 53 70 22 82 23 51 79 52 54 47 88 33 25 92 83 24 95 73 41 90 44 98 84 20 4 66 10 13 30 57 81 28 9 7 62 29 3 85 75 1 74 87 18 2
2 20 17 29 65 51 61 16 72 38 73 11 59 30 54 98 48 53 82 87 25 12 3 56 43 60 10 55 86 0 68 62 58 32 26 35 84 41 34 18 47 96 15 24 85 19 52 91 81 44 49 50 93 36 7 63 97 45 14 74 79 8 5 1 6 42 71 21 31 66 46 23 9 69 94 40 33 92 88 75 99 57 77 89 13 78 95 67 70 28 76 90 27 22 4 39 37 64 83 80
16 41 65 35 89 91 17 54 82 53 46 9 21 28 13 94 19 22 52 75 90 26 3 43 83 18 4 0 69 93 71 25 59 73 33 27 7 8 70 10 76 42 92 30 5 2 37 67 77 45 86 32 48 96 14 98 72 88 12 31 36 20 56 66 11 51 47 85 57 78 79 40 64 23 61 60 34 68 44 58 15 38 84 50 62 6 24 97 39 1 55 80 49 95 99 81 29 63 87 74
45 63 38 77 68 28 7 69 89 24 54 50 13 1 85 23 56 32 5 10 49 4 12 20 95 80 92 40 81 84 43 16 67 74 25 72 0 46 52 2 17 47 6 22 87 41 48 64 30 53 88 62 82 35 14 18 94 61 70 31 86 33 26 60 97 66 55 93 8 59 37 78 98 29 11 83 27 39 73 79 57 9 51 19 76 90 34 36 96 42 65 3 44 71 99 21 15 58 91 75
60 5 19 72 94 8 97 65 40 98 31 18 86 95 83 45 23 36 91 1 87 43 38 10 61 63 82 77 74 14 0 37 34 99 52 33 22 58 35 75 4 79 50 90 3 28 11 32 39 71 56 25 16 69 68 9 78 46 20 59 6 54 93 27 92 89 81 42 53 48 62 15 12 88 2 84 80 13 70 76 41 64 67 29 51 26 85 24 66 17 7 44 73 47 21 49 96 55 30 57
18 65 99 7 38 96 21 61 88 63 10 77 74 41 8 82 69 13 97 90 91 22 93 70 34 47 71 20 25 9 54 30 36 89 48 53 31 43 55 32 23 29 14 0 39 11 58 5 17 2 72 44 45 87 78 12 19 59 33 57 4 28 92 64 37 67 85 73 35 24 75 66 40 46 52 80 81 86 56 62 76 6 16 50 3 49 42 98 94 68 26 51 60 79 1 15 84 83 95 27
44 77 10 59 37 13 70 58 28 45 32 83 76 16 27 39 42 78 82 19 86 9 95 93 85 12 52 33 0 79 48 23 40 3 24 34 68 1 57 60 75 30 11 26 63 62 65 22 41 66 2 99 5 8 90 80 4 50 55 72 49 14 53 35 56 36 71 69 18 74 20 64 7 38 31 96 46 88 97 15 29 73 94 51 21 47 61 92 89 87 84 6 67 17 54 25 43 81 91 98
68 57 14 32 42 64 53 93 59 91 92 79 38 74 56 5 78 90 6 40 46 80 55 85 67 51 7 25 63 30 20 71 16 36 43 73 95 45 4 77 2 15 62 10 50 58 9 82 35 23 75 26 41 1 47 33 98 97 94 17 84 11 0 87 54 69 19 49 99 44 39 61 88 28 65 89 76 81 13 31 96 37 70 72 18 24 27 3 48 66 21 22 83 29 60 12 34 52 8 86
72 17 98 99 67 39 58 92 65 53 62 94 80 40 37 4 6 20 26 0 56 97 9 12 8 38 18 81 10 70 13 47 24 71 86 1 69 34 46 75 51 48 90 23 59 33 45 50 42 82 5 68 57 41 79 7 2 63 25 21 36 44 19 31 76 66 74 52 60 43 3 16 54 93 91 95 32 61 77 96 15 73 29 30 28 84 35 83 11 89 22 49 14 27 88 78 55 64 87 85
41 96 68 10 87 74 9 88 67 65 32 82 33 0 4 15 57 83 28 94 53 40 34 84 46 31 14 56 47 1 44 79 43 89 99 98 18 52 70 90 42 58 77 39 71 76 73 85 30 17 62 72 7 48 60 66 75 91 50 5 26 78 19 55 11 59 51 23 3 69 35 12 64 24 92 27 97 80 54 16 22 63 25 81 8 93 95 36 45 13 21 61 37 86 20 29 6 49 2 38
70 28 1 87 72 79 77 40 24 17 54 46 80 83 16 81 29 37 93 53 63 82 18 61 27 26 55 15 56 14 91 12 3 90 45 20 44 36 8 52 42 6 23 69 65 68 84 32 49 38 62 58 74 57 7 86 13 67 0 95 22 30 88 19 5 89 25 75 34 60 48 21 41 98 31 10 73 64 71 39 97 47 35 66 92 4 94 9 59 76 50 51 2 78 99 11 33 85 96 43
84 79 24 2 5 13 33 35 67 29 22 44 6 60 4 86 83 25 69 38 75 68 1 55 36 50 16 61 92 59 30 58 14 45 20 27 98 0 48 11 40 77 87 53 74 85 54 52 19 3 47 65 76 12 95 90 18 15 93 10 51 26 66 63 94 91 88 73 9 17 39 62 21 56 89 31 46 96 71 70 23 34 72 80 64 57 81 82 28 37 78 43 41 42 7 97 49 8 32 99
30 69 23 84 95 21 91 1 15 52 11 41 5 10 25 61 66 12 3 83 8 74 44 38 19 31 58 47 78 27 82 63 87 14 4 85 13 67 34 33 86 88 80 49 62 18 24 93 9 32 79 98 54 73 6 77 99 55 37 16 81 2 20 68 22 7 89 0 64 96 50 60 72 90 29 48 56 57 42 75 35 26 59 39 71 28 97 70 45 92 40 94 65 51 53 17 43 36 46 76
18 60 12 19 44 33 61 88 14 81 82 20 95 79 52 90 70 92 10 38 40 23 36 46 67 64 9 97 84 65 5 16 42 28 85 50 15 21 55 98 41 57 26 13 49 73 86 63 29 62 1 96 47 51 39 45 7 27 54 48 74 59 94 87 76 25 71 77 66 8 99 24 22 3 83 69 35 68 78 4 17 2 89 53 58 80 6 43 56 32 30 91 75 93 0 31 37 34 11 72
36 84 6 66 46 2 83 56 15 67 89 53 57 63 86 68 41 61 23 24 29 18 58 12 97 76 73 42 25 7 65 32 14 22 81 37 78 74 70 26 19 85 59 54 77 95 0 17 52 55 9 20 90 34 99 51 94 27 79 21 50 45 87 39 62 10 80 16 75 44 38 72 69 98 49 64 48 96 91 13 71 60 40 30 92 8 1 93 5 11 47 31 33 28 3 82 88 4 43 35
57 85 54 44 6 31 87 68 72 37 63 89 94 69 49 97 98 80 3 46 38 27 73 22 61 43 59 2 0 62 34 99 53 79 42 84 45 71 76 96 10 25 21 47 90 92 93 52 29 50 16 65 95 40 26 32 30 78 9 58 55 15 81 70 11 41 23 56 18 86 35 48 77 28 12 20 66 14 19 64 5 36 51 74 60 33 82 8 17 13 91 67 4 88 7 24 39 1 75 83
33 14 16 6 46 65 22 90 27 84 4 68 49 28 24 48 0 21 43 94 93 38 34 66 60 57 97 12 51 32 69 10 72 98 7 3 35 78 77 73 80 75 88 26 96 1 85 63 9 61 44 39 25 91 54 36 53 76 29 41 74 8 58 92 79 71 52 13 31 47 45 18 86 70 15 59 5 19 2 56 62 87 64 55 83 89 23 95 30 40 99 17 42 82 20 11 81 67 50 37
95 29 96 24 85 23 99 18 90 4 82 52 53 11 72 89 2 37 91 6 19 8 54 36 1 76 67 51 64 46 86 7 50 13 33 71 83 66 63 55 56 58 44 62 15 88 17 74 68 93 65 21 75 40 41 77 34 61 16 32 14 47 87 26 43 27 92 57 49 80 20 9 35 25 39 5 69 22 81 84 28 0 42 79 45 60 3 94 31 70 97 10 12 73 98 38 78 59 30 48
73 45 6 84 94 40 13 96 34 31 17 1 51 75 16 41 74 27 59 55 42 71 58 24 56 89 78 10 19 64 92 20 0 18 90 66 43 93 67 52 38 88 83 98 4 49 61 80 12 8 57 7 22 36 15 21 70 2 99 68 11 85 14 81 63 77 54 91 9 33 5 65 37 46 23 86 47 87 30 97 62 28 82 35 69 95 72 3 79 76 39 29 25 53 60 48 44 50 26 32
16 91 52 12 97 22 43 57 36 87 68 11 84 70 76 96 75 98 3 92 25 40 6 67 31 55 10 9 29 30 18 94 42 79 78 65 39 66 23 14 34 2 56 46 93 73 32 15 80 13 41 21 44 77 82 5 83 90 17 69 8 53 62 85 51 99 74 33 4 88 50 24 58 38 60 81 59 89 35 49 27 45 64 19 20 86 47 26 54 72 95 37 0 63 1 71 61 28 7 48
80 49 78 73 16 67 87 30 23 22 48 54 31 4 62 96 53 35 39 94 90 13 7 61 21 42 77 9 51 89 20 6 71 37 26 72 59 66 12 74 82 17 70 28 50 91 24 29 15 52 64 34 84 75 79 83 25 56 44 32 57 3 14 65 11 27 95 18 97 40 47 58 33 98 55 99 46 60 81 86 43 93 2 88 63 41 5 38 85 69 10 76 19 45 36 92 0 8 1 68
84 66 75 64 32 29 27 3 22 52 61 13 49 18 53 7 57 63 50 45 69 34 55 47 56 93 94 98 54 30 51 77 23 46 24 74 87 8 33 36 6 82 73 89 83 14 91 44 60 86 41 28 0 95 97 99 81 21 90 71 92 76 12 79 15 96 5 72 58 37 88 11 42 26 48 65 16 10 25 31 70 38 59 68 1 17 78 43 19 9 85 40 35 4 80 39 62 67 20 2
97 84 27 11 7 99 80 87 16 31 67 12 85 38 73 75 50 56 22 37 1 77 69 66 35 33 45 95 20 91 72 82 57 98 6 30 4 25 68 14 28 23 96 44 90 29 49 88 9 83 65 78 59 43 74 5 24 54 10 19 15 63 94 58 36 48 17 70 39 52 42 8 26 92 46 34 32 61 71 13 60 62 76 41 81 64 51 93 3 86 21 18 55 0 40 47 53 2 79 89
40 18 50 53 69 33 67 90 6 20 51 56 96 99 60 42 98 87 59 1 22 64 86 76 95 3 41 89 94 49 19 83 82 35 57 7 66 88 28 17 13 48 2 47 63 27 23 75 71 92 39 36 4 34 91 10 43 62 45 14 77 25 37 70 80 8 84 11 97 93 78 15 72 46 54 29 0 24 58 81 44 74 73 32 38 65 12 9 31 26 30 68 5 85 79 52 21 16 61 55
2 38 13 6 20 14 22 42 26 71 43 5 27 9 67 96 1 24 97 61 72 29 93 10 3 46 49 88 87 58 68 56 15 77 7 16 65 45 40 99 62 54 21 74 90 44 57 79 53 80 23 63 73 19 31 50 35 76 48 64 33 52 78 36 8 84 34 30 81 17 82 41 39 51 66 4 11 0 86 94 89 95 69 60 25 70 91 59 47 55 75 98 85 32 18 28 37 12 92 83
93 52 71 15 61 78 49 91 82 47 74 22 68 12 28 45 75 57 32 0 43 65 79 95 86 48 3 35 54 77 23 69 36 63 42 17 56 50 31 5 84 27 98 76 14 33 37 70 7 99 92 20 1 13 94 46 72 11 59 96 8 10 21 16 41 97 2 55 67 34 51 53 62 24 64 90 40 44 25 60 19 39 66 87 29 38 6 85 9 80 89 26 4 73 18 83 81 58 30 88
1 46 66 6 96 89 52 80 88 5 29 19 55 31 40 53 28 23 77 69 30 16 47 92 45 12 35 79 4 94 41 14 86 13 51 25 50 83 73 90 76 18 57 39 64 37 10 22 17 97 82 42 75 32 93 43 0 61 62 87 34 33 44 91 49 98 15 85 84 60 36 11 8 48 78 81 95 68 70 38 9 2 58 24 63 7 20 59 54 3 99 67 27 26 71 74 21 56 72 65
84 17 15 12 52 96 71 23 5 43 24 54 37 46 55 27 40 89 32 50 86 16 26 65 2 72 90 88 7 29 79 34 33 85 93 59 21 25 1 19 97 8 53 76 63 11 28 99 4 3 75 6 0 98 51 13 60 74 10 61 47 87 38 20 45 77 80 66 14 82 42 81 92 48 57 83 22 95 67 41 56 36 78 73 31 30 69 49 39 35 70 94 9 18 64 44 58 62 91 68
28 69 98 77 75 53 16 29 20 74 81 25 62 43 42 2 1 37 60 31 86 36 87 70 55 95 9 73 49 17 12 39 50 99 32 97 5 64 52 84 47 68 6 38 59 13 80 79 35 46 21 41 58 83 15 44 51 3 67 57 18 22 27 10 26 66 40 85 11 56 0 30 33 94 93 89 76 78 14 88 24 63 96 48 90 23 61 45 65 7 34 8 92 19 82 54 91 71 72 4
83 2 31 77 12 35 45 68 14 50 41 64 0 67 38 6 95 65 53 10 11 18 87 85 42 49 94 25 15 29 91 71 47 24 57 48 9 52 62 70 16 96 66 54 84 30 55 76 37 75 81 36 93 74 92 86 43 88 21 63 40 23 44 13 60 4 72 17 27 32 90 73 82 33 8 3 59 97 78 5 22 99 1 80 61 19 26 39 51 89 34 56 46 79 28 69 58 98 20 7
5 84 57 16 54 12 1 3 21 83 79 87 46 42 50 88 55 48 37 77 68 24 60 13 61 62 9 96 52 10 2 20 99 8 11 85 72 49 97 40 63 95 65 44 15 67 35 78 18 86 81 23 59 27 41 36 93 75 64 38 32 56 51 73 90 7 28 80 74 70 58 76 30 82 89 14 92 31 91 45 0 43 22 53 34 66 94 98 47 39 26 19 33 29 17 69 25 6 71 4
47 73 56 76 27 49 43 61 7 18 97 36 87 48 86 46 54 10 12 41 11 80 15 90 24 59 71 34 51 77 30 31 64 91 1 45 38 99 3 40 81 42 9 74 85 6 82 66 94 65 52 35 37 84 78 19 72 0 88 17 20 39 5 28 70 32 93 14 22 16 89 55 62 58 68 57 75 13 21 98 4 26 69 44 33 25 83 63 96 67 23 92 60 29 53 2 79 50 95 8
64 84 70 16 58 96 26 28 73 83 46 44 55 69 67 79 36 56 52 50 13 54 22 93 51 11 41 75 68 53 88 1 63 94 2 4 61 6 77 3 71 59 10 43 48 27 86 14 38 18 49 12 23 20 92 35 15 97 34 33 66 17 7 78 91 95 42 98 80 8 57 47 24 81 40 25 31 99 45 85 82 89 60 30 76 39 72 32 0 37 74 21 62 19 29 90 9 87 65 5
38 87 70 42 97 39 98 95 33 74 26 88 3 55 60 31 91 40 16 7 49 34 79 10 94 84 96 90 53 5 57 23 77 78 45 37 43 83 51 22 18 80 17 82 35 21 27 25 67 46 58 63 99 24 62 32 14 47 72 13 2 1 4 92 85 54 30 15 75 68 44 9 20 86 61 11 19 36 76 66 69 71 29 6 12 93 56 89 0 8 52 59 41 73 81 64 50 65 28 48
100
22 5 91 23 53 90 37 52 40 49 70 60 54 33 78 4 47 48 87 34 88 98 63 35 41 68 61 42 67 97 17 72 24 15 56 62 75 25 29 36 20 94 2 32 27 79 77 58 81 85 83 65 13 1 9 96 14 71 38 16 0 30 8 93 73 3 7 89 59 50 57 69 43 55 28 76 44 86 45 66 80 31 11 18 6 19 82 51 10 95 21 39 12 26 84 46 74 92 64 99
36 37 58 8 62 61 27 25 81 52 28 51 39 97 92 14 29 57 33 78 44 72 89 23 77 10 87 5 64 7 82 86 13 71 22 48 74 18 70 2 9 20 3 30 12 90 34 56 88 43 19 93 46 68 83 76 41 99 6 55 35 15 31 47 16 60 4 45 66 94 96 0 91 32 63 11 40 80 95 53 50 69 84 79 24 17 67 1 75 59 26 98 65 42 21 38 85 54 49 73
46 16 53 93 94 30 92 12 17 1 73 37 31 14 59 65 6 76 9 98 36 33 13 83 29 71 32 8 5 11 19 18 3 45 44 57 38 7 80 89 82 88 48 52 10 47 63 95 84 60 69 56 87 58 22 61 70 27 40 74 75 99 72 35 50 62 39 77 15 24 20 2 96 78 49 91 66 26 34 81 64 41 90 0 23 79 25 67 28 4 55 68 86 42 54 85 21 43 97 51
15 5 8 85 23 75 11 17 88 94 20 66 27 54 69 19 31 38 61 10 82 35 68 87 28 9 55 25 90 18 97 59 1 98 14 30 92 99 4 12 47 22 7 89 3 57 51 83 49 34 40 16 84 78 58 44 79 41 33 21 63 72 56 46 48 62 43 52 67 36 32 73 76 96 77 0 6 70 81 37 53 13 93 71 39 24 74 91 50 29 64 65 86 2 42 80 26 60 45 95
0 62 59 52 16 46 1 12 76 95 24 94 36 32 54 18 96 70 28 79 97 58 26 83 67 65 86 11 3 40 2 50 63 14 91 98 20 27 41 45 92 85 25 38 6 72 77 4 5 48 71 55 47 37 19 22 61 13 57 99 82 60 21 75 34 23 56 42 89 53 17 80 39 35 9 44 84 64 73 90 33 93 78 29 74 15 30 10 88 8 49 31 68 81 66 7 51 87 69 43
57 63 58 20 60 65 89 54 26 64 88 14 95 5 99 21 74 71 19 31 62 94 18 96 97 3 85 43 1 6 42 2 52 27 51 80 13 36 9 81 53 67 70 90 59 0 79 28 16 82 76 8 12 32 48 25 56 49 15 40 75 47 84 69 24 61 33 44 55 50 22 10 72 37 35 83 46 78 87 23 41 86 4 39 77 92 91 45 38 68 66 17 7 30 11 98 34 93 73 29
6 35 68 74 36 94 23 29 73 89 26 30 62 49 3 38 21 57 61 54 20 65 95 13 14 80 84 52 77 46 79 67 82 12 50 22 10 58 75 9 15 70 91 0 47 28 99 85 51 43 11 44 31 97 42 92 71 53 72 34 69 32 24 59 39 76 93 60 17 40 86 25 81 4 27 41 96 37 63 48 98 87 7 18 33 1 78 16 5 88 55 2 56 83 19 90 45 66 64 8
56 33 49 37 20 40 64 44 31 18 91 90 96 32 36 58 28 74 67 83 57 93 19 86 75 10 8 95 4 12 51 9 15 59 42 52 65 81 14 76 47 69 70 63 73 25 87 53 72 85 54 98 30 50 29 2 23 7 34 62 1 60 16 61 82 26 66 6 11 88 27 71 22 94 5 43 89 79 38 45 3 35 41 48 84 21 77 68 0 92 17 46 78 97 80 39 24 13 99 55
5 92 57 96 7 66 55 10 98 88 95 58 1 8 47 87 4 48 25 78 80 2 89 24 56 67 0 30 75 49 60 52 22 45 21 11 35 81 51 3 69 9 93 32 50 85 27 16 6 14 94 33 40 37 43 46 71 91 61 76 53 74 70 34 26 77 65 72 62 59 63 79 54 13 19 31 20 23 86 42 29 15 17 73 12 97 44 64 90 39 82 41 36 28 18 99 83 68 84 38
67 73 24 69 34 64 7 53 96 27 93 81 9 25 12 61 48 98 51 38 5 72 43 80 21 28 88 45 60 26 89 42 76 86 58 29 10 37 52 30 8 66 32 6 95 35 4 65 36 85 75 31 16 13 99 19 57 0 82 55 94 23 62 17 46 56 68 15 2 40 54 63 14 97 78 70 3 41 90 44 49 33 71 91 79 77 11 92 84 83 47 87 39 20 1 59 18 74 50 22
89 43 47 96 8 4 39 16 32 62 98 65 37 71 76 15 5 60 35 54 88 20 29 46 52 7 68 45 13 17 83 78 66 22 93 11 86 90 75 94 82 42 49 38 41 99 26 85 53 77 56 67 34 40 24 92 2 61 48 59 23 30 80 25 27 31 3 19 50 12 55 28 51 0 72 33 21 9 69 36 1 14 18 97 44 6 91 84 10 58 79 64 63 74 87 57 95 73 70 81
13 30 48 66 34 45 70 60 46 91 63 83 35 36 57 94 2 0 29 19 90 5 3 9 65 27 77 49 33 59 43 75 62 95 86 51 23 53 85 52 31 92 8 14 47 78 64 32 17 12 82 73 80 69 99 40 76 68 28 18 88 98 93 16 38 61 20 22 41 4 1 89 56 24 11 26 15 79 87 37 44 39 10 72 67 84 55 54 25 50 96 74 42 58 81 71 7 97 6 21
27 5 4 86 3 1 39 15 75 31 28 11 78 47 70 17 65 92 24 62 9 12 46 90 58 69 63 14 61 94 0 77 20 40 7 64 54 84 22 87 13 30 93 73 59 29 96 43 88 55 48 67 6 66 34 80 33 50 89 26 60 36 99 45 95 8 97 53 2 38 10 35 51 44 23 25 79 85 91 72 42 16 18 83 57 71 98 52 21 74 81 82 49 68 76 32 56 41 19 37
7 47 13 5 14 82 77 3 44 41 19 63 92 49 65 4 68 80 83 99 31 62 16 57 89 28 23 9 96 38 36 87 93 56 15 6 40 35 66 59 74 29 88 30 50 64 51 58 11 97 26 90 53 18 85 48 81 91 71 46 8 75 20 95 84 79 86 32 94 33 27 52 76 39 67 43 78 37 55 2 70 10 72 0 61 1 69 34 60 25 17 21 12 22 98 42 24 73 45 54
8 57 68 79 25 34 9 13 91 64 92 11 67 53 20 80 76 81 35 96 95 44 18 98 0 73 3 99 2 16 21 77 5 90 93 54 88 19 86 7 52 97 75 40 87 50 14 45 48 15 55 12 43 22 56 71 29 38 46 65 66 41 27 83 69 4 33 17 84 72 47 10 59 36 61 82 23 26 94 1 49 24 58 39 63 85 70 42 62 37 30 28 60 51 74 31 32 78 6 89
58 24 90 45 53 52 7 20 86 73 57 39 46 3 27 42 6 16 19 62 26 70 31 29 74 94 87 56 10 1 13 77 35 14 0 17 98 22 79 34 41 25 49 33 18 92 47 21 28 91 71 65 2 84 4 50 75 81 37 55 9 23 93 80 83 43 76 63 48 95 64 68 32 96 82 51 78 88 8 40 36 67 38 11 15 12 89 54 72 5 61 69 59 97 85 30 44 66 60 99
58 31 98 22 80 94 60 37 99 52 64 51 48 16 8 83 40 61 0 66 88 47 53 96 7 5 10 41 15 86 23 67 20 19 2 63 43 89 17 28 32 33 4 78 50 95 34 35 21 91 77 29 75 14 79 82 26 12 6 76 46 49 18 69 93 24 62 84 73 44 11 72 25 9 13 90 97 81 87 27 68 39 30 70 45 54 55 85 57 1 56 71 42 74 36 65 38 3 92 59
4 96 14 74 29 73 80 65 0 95 89 69 50 97 24 94 78 93 3 68 31 81 64 28 92 62 46 99 83 84 40 11 98 61 48 75 30 34 12 45 85 79 23 16 41 33 10 37 6 44 57 72 56 19 25 60 38 5 51 43 88 2 58 39 77 8 55 42 52 90 20 18 66 17 67 1 53 82 22 71 87 32 49 86 47 7 59 26 70 9 35 36 13 15 21 54 27 76 63 91
15 43 44 52 31 58 35 71 49 63 57 8 40 66 10 74 75 46 97 3 87 78 12 9 67 92 50 21 5 29 7 94 47 17 55 26 19 96 32 64 72 1 99 16 65 68 14 73 51 13 95 76 36 89 80 90 34 28 53 54 69 60 98 79 11 45 38 91 22 77 0 23 6 42 4 70 37 81 59 62 39 48 2 88 93 56 18 30 41 83 86 25 61 27 24 85 82 20 84 33
77 5 79 95 46 43 10 94 41 15 4 65 23 74 9 61 25 72 81 21 31 55 16 12 63 24 87 22 80 33 90 78 1 45 88 56 6 69 13 26 82 47 71 34 35 92 75 58 2 93 29 0 19 98 51 50 67 11 42 38 48 32 28 39 7 99 64 30 70 97 83 8 96 3 68 89 36 17 59 27 62 73 57 44 85 76 52 54 40 84 53 37 14 49 20 91 66 18 86 60
3 79 21 45 64 43 82 24 59 14 98 96 32 74 35 16 56 29 91 72 57 8 49 25 93 34 86 89 66 13 4 47 71 88 94 5 73 67 46 19 31 53 61 52 80 23 65 2 76 95 42 41 99 68 83 92 15 20 39 30 36 75 38 40 26 69 87 62 50 37 44 54 90 60 27 85 12 10 33 55 97 0 17 51 77 81 1 28 6 63 11 70 9 84 48 18 78 7 58 22
81 4 19 32 29 89 20 34 28 37 24 44 93 85 45 46 61 84 97 10 67 35 41 21 66 68 3 27 11 2 7 25 48 64 83 54 77 40 63 98 92 82 62 74 13 59 33 8 18 38 91 49 78 52 69 53 30 94 17 56 57 60 90 9 65 26 95 16 42 71 87 15 58 86 88 5 47 12 70 31 14 76 79 39 1 50 96 36 73 22 99 51 75 43 80 6 55 0 23 72
49 86 40 15 54 61 58 22 55 27 97 18 80 83 17 57 46 88 79 4 62 0 34 68 73 13 10 95 71 92 25 63 48 65 35 96 26 64 82 39 53 74 78 66 14 56 87 72 6 44 60 90 99 75 43 41 23 30 7 12 3 16 33 21 77 2 11 98 45 84 89 9 29 28 69 94 52 8 36 85 20 93 51 91 32 37 76 50 70 59 1 67 5 38 24 31 81 42 47 19
13 2 82 64 26 69 79 65 75 37 57 85 29 42 34 30 66 21 93 86 7 20 90 11 67 50 76 53 47 81 87 62 8 58 95 23 40 25 92 78 33 96 71 38 80 54 48 70 61 59 63 72 4 12 60 68 32 14 6 52 15 99 45 28 88 18 83 10 5 91 74 41 9 43 89 98 3 22 36 39 97 56 17 35 46 84 27 77 44 55 49 1 0 51 31 24 94 73 19 16
29 66 94 56 0 11 90 99 84 58 37 7 55 69 22 76 63 13 1 33 98 17 92 40 82 51 27 93 79 64 95 57 54 24 70 80 32 3 2 9 10 96 48 21 30 8 4 87 61 47 34 62 52 43 97 45 39 88 86 68 35 19 53 12 18 85 42 23 71 67 14 26 50 46 5 36 77 38 44 83 41 60 59 20 49 65 72 16 81 75 73 6 25 78 15 28 91 89 74 31
10 42 15 30 39 35 88 0 4 96 73 91 23 16 19 63 34 62 2 41 56 59 64 26 89 97 90 65 75 58 24 87 7 1 33 13 53 72 14 54 12 28 55 18 69 20 40 17 99 27 48 93 83 38 45 9 46 6 50 31 5 70 66 74 47 77 92 37 86 79 94 29 82 61 81 76 98 22 52 43 67 71 49 8 51 78 80 85 60 3 57 36 95 84 25 21 32 11 68 44
15 99 60 11 61 56 40 57 95 48 97 25 34 92 44 79 22 12 42 16 87 80 46 98 72 63 5 47 43 31 86 6 75 49 10 41 53 3 36 29 38 54 18 50 33 23 64 8 81 68 24 32 4 78 0 59 52 45 73 69 30 51 94 65 82 17 83 21 96 26 2 14 9 37 20 27 91 62 55 1 66 85 19 93 89 71 58 39 13 7 77 88 84 67 90 28 74 70 35 76
60 0 84 37 86 68 33 24 31 3 41 21 22 29 52 92 55 13 83 99 2 11 47 70 62 91 25 19 74 82 18 72 46 8 57 17 9 77 64 20 4 89 79 56 90 93 49 12 80 39 6 27 51 40 14 48 61 85 78 66 28 76 1 7 98 30 96 15 32 88 42 87 63 34 10 38 26 81 58 44 69 54 75 45 16 23 36 65 67 59 73 5 71 43 50 97 35 53 94 95
81 63 99 32 39 24 64 82 59 29 96 48 9 40 70 30 26 55 33 46 77 23 45 79 84 94 75 7 53 87 43 5 49 73 51 58 72 6 78 54 93 4 66 90 18 16 41 12 61 91 28 14 13 76 62 89 15 34 88 2 3 17 36 56 67 1 22 21 95 71 69 98 52 60 19 47 74 11 37 86 80 68 50 65 35 25 20 10 57 31 85 92 38 0 44 97 27 83 8 42
99 82 71 28 40 69 93 0 39 29 79 54 66 1 24 37 90 31 25 44 78 94 5 42 10 74 64 45 26 50 68 72 4 47 48 15 46 76 57 61 96 14 36 11 77 9 60 18 58 84 51 13 86 67 95 49 63 16 32 70 12 30 22 65 56 85 59 20 62 89 3 33 52 88 27 38 7 23 55 43 92 41 17 53 98 35 73 21 97 80 8 81 34 75 87 19 83 6 91 2
79 90 98 71 40 19 1 75 13 27 22 0 78 30 55 29 83 17 92 72 5 80 61 67 89 37 46 32 60 38 64 95 82 91 14 39 63 26 84 69 45 58 31 70 47 12 42 73 74 9 16 85 34 76 97 62 56 44 7 24 87 99 50 88 11 6 57 49 59 10 52 93 25 15 66 41 33 65 35 53 54 86 51 81 36 77 3 4 94 48 28 20 43 2 23 96 18 8 68 21
28 85 96 74 34 36 10 39 22 31 3 29 52 98 40 7 67 65 78 89 66 25 58 72 19 75 17 97 30 16 91 86 38 94 23 47 2 12 53 54 6 73 76 90 95 50 45 9 14 20 99 70 35 49 56 41 51 26 33 37 62 57 11 60 71 64 15 0 13 59 21 88 87 69 48 68 63 18 43 46 1 27 8 55 77 79 61 24 4 84 32 80 44 5 92 93 42 82 83 81
90 39 93 95 50 8 73 80 89 34 9 81 1 72 17 64 6 0 15 29 47 5 51 66 31 38 60 32 78 86 83 74 27 77 88 62 16 94 57 13 92 21 48 4 30 42 18 44 87 99 28 36 70 26 67 7 56 52 65 23 3 41 59 2 49 14 97 76 85 63 53 69 68 75 25 22 37 54 20 82 79 12 11 35 46 84 98 43 55 45 71 58 24 40 19 10 33 91 61 96
82 98 48 30 69 18 68 5 27 90 61 76 28 91 62 74 9 67 78 72 57 44 80 1 87 6 52 65 22 3 79 8 41 4 94 12 2 86 26 33 29 45 83 63 14 42 75 58 46 7 66 39 54 84 92 77 59 95 96 70 51 97 15 49 34 71 38 23 37 31 16 17 11 35 0 21 32 36 10 20 56 88 25 60 81 73 53 50 93 85 64 55 43 24 19 99 89 13 40 47
65 9 15 86 19 88 82 54 94 75 55 69 66 48 47 97 5 31 46 45 89 67 7 42 40 53 52 98 38 95 33 14 93 16 4 17 39 79 25 96 77 99 32 91 73 49 63 51 74 8 23 81 57 10 6 41 85 62 80 13 22 71 27 76 2 35 29 68 83 84 21 64 1 56 59 90 18 34 72 61 28 92 50 26 60 11 20 70 24 12 3 87 44 78 36 37 30 58 0 43
71 1 32 81 26 40 6 69 38 74 59 3 37 55 50 77 51 21 86 85 42 23 91 29 82 15 87 49 33 7 88 93 35 19 66 9 47 34 99 8 67 16 60 22 11 43 89 25 10 27 92 41 73 44 24 46 52 31 70 2 80 83 97 45 90 72 95 14 0 78 17 20 30 4 75 65 84 64 13 58 5 36 56 62 18 61 39 79 98 68 63 94 96 28 57 54 12 48 53 76
4 29 74 52 98 38 91 48 84 60 7 28 25 51 72 97 96 40 13 67 89 50 81 94 77 80 95 62 31 36 42 30 70 66 63 78 34 32 14 1 88 99 79 61 76 65 46 59 53 55 43 56 69 15 92 64 82 57 6 0 16 20 10 35 37 39 5 18 49 8 58 12 19 71 9 27 87 23 11 90 54 22 33 86 21 68 44 26 17 93 83 45 47 24 85 41 73 3 75 2
46 47 74 26 40 99 21 55 34 5 61 98 54 45 95 82 2 65 33 91 97 1 6 48 96 85 20 9 69 78 31 8 30 90 58 94 52 66 3 77 29 57 83 59 89 44 79 63 68 24 50 13 70 73 93 43 36 4 84 75 27 80 25 39 71 37 17 53 16 72 32 41 11 76 7 56 23 49 81 38 67 87 92 88 42 12 14 51 64 62 0 22 10 35 60 18 19 28 86 15
95 94 58 20 33 9 16 24 10 27 52 11 2 19 60 40 45 13 39 55 92 71 42 54 7 69 61 91 35 77 22 3 28 30 36 32 49 99 51 65 85 5 62 14 78 86 83 57 56 75 79 26 48 15 29 76 96 70 82 90 0 43 63 31 59 67 98 1 64 73 66 74 23 38 17 93 81 18 50 8 68 46 84 6 89 72 44 37 41 88 87 21 34 47 4 25 53 80 97 12
54 49 68 95 63 15 93 77 20 69 66 47 78 48 36 92 53 23 91 75 18 29 73 56 26 44 98 83 67 40 5 99 8 21 27 41 60 51 79 57 76 32 35 88 97 9 7 11 28 4 17 34 62 37 65 81 90 2 50 3 19 1 46 59 87 70 52 16 10 6 33 24 82 74 45 43 22 94 58 61 84 39 0 72 96 31 55 85 64 13 42 71 86 30 14 12 80 25 38 89
71 65 84 78 79 81 10 86 91 20 82 74 2 6 55 95 13 43 46 26 85 73 89 19 8 80 40 49 72 1 98 39 4 0 87 15 63 48 24 93 76 92 44 7 58 75 11 18 62 94 45 53 33 52 9 69 64 25 60 27 96 3 31 70 47 42 59 57 83 61 34 14 29 36 97 68 54 16 88 28 12 23 21 41 56 32 50 77 99 5 90 66 17 38 30 37 22 67 35 51
52 67 87 20 75 48 21 61 13 84 2 35 59 72 58 64 31 3 76 24 88 62 16 42 37 53 11 82 0 18 54 49 14 6 51 45 60 41 43 30 65 7 25 74 12 98 80 77 15 1 93 97 23 55 33 4 47 34 50 5 99 22 27 92 86 32 69 10 78 17 9 8 89 91 90 29 36 39 70 81 56 73 46 71 83 94 28 95 96 63 19 68 38 57 79 40 26 85 66 44
4 26 25 31 55 89 24 20 87 43 29 60 36 57 65 95 99 53 56 1 3 69 70 84 59 6 79 86 63 18 9 45 27 67 15 40 42 62 88 49 98 64 76 10 50 44 22 80 46 92 34 11 75 61 85 47 54 90 82 8 81 96 33 7 35 41 30 52 97 83 68 94 66 51 48 17 5 58 13 39 0 23 78 14 2 77 28 32 93 74 19 37 91 73 72 16 38 21 71 12
1 86 43 88 33 62 96 72 83 31 25 23 56 11 76 52 7 19 2 5 4 94 44 70 81 15 10 12 71 39 24 30 36 61 49 77 50 74 42 85 95 34 55 46 63 54 18 41 6 66 51 32 59 45 35 29 48 69 67 53 97 47 22 38 8 65 17 78 28 87 82 21 99 57 79 92 26 64 37 84 98 40 9 75 80 68 89 27 3 93 14 90 0 16 20 91 13 58 60 73
42 11 22 40 54 73 59 8 41 97 71 57 4 86 80 49 9 70 83 29 53 88 38 89 76 13 60 12 24 74 6 91 79 64 36 99 50 90 16 96 98 94 51 35 61 43 20 65 39 7 48 46 93 68 44 87 45 82 28 31 69 77 95 55 67 21 5 19 84 81 33 17 85 15 63 26 62 72 52 56 25 23 92 37 10 34 14 47 30 27 0 78 1 18 32 3 58 2 75 66
59 22 56 16 49 47 94 42 40 98 99 61 7 20 84 81 97 8 0 96 85 23 17 54 37 92 31 79 51 68 66 63 44 64 82 6 36 76 88 91 67 75 11 48 38 58 78 3 21 9 5 69 28 26 71 62 34 60 18 87 27 72 19 90 15 14 24 4 50 86 30 65 83 57 93 43 70 74 1 95 77 52 29 73 89 25 80 55 35 33 32 53 46 45 41 12 2 10 39 13
67 99 63 86 85 11 27 42 89 54 8 39 20 75 59 49 4 41 77 50 66 28 48 45 90 0 2 76 26 98 81 71 79 44 69 80 61 60 70 3 84 92 88 83 40 1 94 57 58 29 15 14 55 51 13 95 36 62 19 53 87 73 24 5 34 78 56 10 43 17 47 32 72 35 74 6 33 37 22 96 93 7 31 68 65 9 25 91 18 21 64 16 46 82 12 38 30 23 97 52
97 68 93 85 66 99 65 95 5 11 28 89 52 8 83 62 47 25 4 35 76 70 54 37 48 86 58 38 51 79 49 16 46 36 21 43 24 98 13 55 64 53 73 2 59 19 87 22 78 82 72 91 30 45 27 33 0 84 10 67 90 40 7 77 57 3 63 69 41 50 32 96 39 15 31 26 42 61 56 92 75 71 74 14 94 81 1 12 80 6 34 29 9 88 20 18 17 60 44 23
74 67 5 66 23 71 17 4 24 36 55 0 29 49 64 38 13 76 18 1 41 25 78 88 60 62 80 30 39 28 59 61 14 69 94 33 16 21 9 37 6 48 58 97 81 90 32 68 84 53 70 52 27 83 77 73 47 93 8 54 57 51 35 72 22 82 26 7 87 34 85 10 50 75 79 19 11 91 40 95 63 46 99 2 3 86 92 56 42 45 15 65 12 20 96 44 43 98 89 31
84 75 88 83 72 70 17 19 6 87 62 32 73 97 54 0 68 26 50 24 18 7 76 92 16 25 31 93 43 34 36 63 99 81 49 33 58 23 8 57 56 40 4 13 5 90 51 94 2 12 98 11 29 59 46 77 91 55 65 79 64 39 1 15 22 89 45 85 9 86 41 53 14 30 71 42 44 37 67 47 21 96 27 69 20 48 52 78 61 38 66 10 95 82 80 35 60 28 3 74
72 84 7 2 93 86 66 67 8 15 87 40 9 21 92 96 4 99 13 1 98 18 53 58 31 25 95 59 19 48 47 14 64 45 29 61 71 17 30 89 5 38 26 24 77 16 50 62 88 12 44 43 75 83 63 54 42 78 6 35 90 46 32 10 37 41 27 68 70 74 3 49 60 57 20 56 23 80 85 79 0 94 34 22 55 97 28 76 82 91 69 52 73 11 51 33 65 36 39 81
5 43 24 66 95 14 32 81 20 51 30 75 47 18 82 19 3 42 0 94 9 11 63 53 10 93 79 13 72 67 25 83 58 17 89 88 37 4 35 6 92 49 27 91 46 31 8 50 54 73 29 33 45 55 28 57 76 38 78 74 26 56 84 62 22 41 2 99 61 64 36 98 34 86 59 90 7 60 87 65 96 85 70 69 68 52 1 16 97 77 71 48 12 40 39 15 21 80 23 44
32 65 9 53 1 63 13 36 85 3 20 22 7 15 95 52 89 60 17 0 43 10 38 72 54 87 59 23 81 5 24 79 56 8 28 35 29 71 16 97 31 55 64 37 67 45 86 70 25 96 84 69 58 46 74 98 11 6 41 90 49 30 94 76 77 44 83 33 62 57 39 34 47 40 50 19 73 92 93 14 68 78 51 80 12 91 66 26 88 27 82 18 75 42 2 21 48 4 61 99
74 2 66 6 39 16 81 91 21 3 72 84 48 12 60 96 69 7 42 86 62 92 87 24 67 65 14 18 41 98 63 68 29 88 97 94 93 25 47 90 71 46 95 45 80 85 13 82 49 10 61 51 99 52 78 33 32 4 36 53 64 44 57 20 56 79 89 34 22 77 9 31 75 70 59 83 73 38 27 11 40 76 19 17 55 23 43 58 28 30 37 35 50 0 1 8 15 26 5 54
69 50 7 78 10 19 72 62 30 64 2 36 76 90 81 53 31 41 98 74 93 65 27 91 12 73 44 94 24 33 14 37 80 87 40 68 8 61 75 83 60 42 13 82 99 77 56 54 97 92 18 96 28 16 63 67 0 55 23 46 22 59 1 84 58 5 95 9 79 71 88 66 45 49 4 34 47 11 51 6 86 48 29 32 15 26 21 17 20 3 35 39 85 70 89 25 57 43 38 52
6 64 63 51 43 40 97 13 61 96 53 65 32 81 78 77 73 92 45 41 93 4 76 56 59 34 90 22 88 74 30 99 75 58 72 69 1 31 23 66 2 80 50 42 79 8 91 16 38 85 9 46 17 20 71 49 70 3 37 14 95 0 54 89 68 10 39 62 83 12 19 82 27 84 55 47 35 18 60 25 57 94 48 28 33 29 24 36 87 11 26 44 7 86 21 98 15 52 67 5
62 70 51 46 42 35 39 50 44 24 28 27 61 8 47 41 68 71 74 56 64 36 55 53 88 80 59 34 45 98 92 84 67 72 49 52 30 75 60 37 3 10 25 81 38 17 85 93 87 5 13 54 66 96 86 65 19 6 1 26 63 14 12 23 89 48 94 90 16 2 29 32 95 77 99 4 33 9 78 43 20 79 22 57 11 18 58 91 0 97 40 69 31 73 82 15 7 21 76 83
77 89 10 42 13 41 4 94 32 1 31 22 65 33 7 38 18 11 60 82 43 40 95 26 81 72 21 5 83 44 37 3 57 69 64 85 84 62 93 75 0 34 9 92 30 51 39 23 8 79 24 17 19 55 29 12 76 48 46 78 45 91 90 14 86 67 35 98 53 2 80 97 15 58 70 73 6 49 61 99 68 52 16 20 66 27 59 56 28 96 88 71 54 25 47 63 50 87 36 74
62 96 8 36 45 56 79 14 88 23 9 77 68 95 87 17 67 30 41 39 64 4 37 35 90 46 74 34 22 44 58 21 92 32 86 19 33 50 40 5 89 48 16 59 91 31 94 10 82 28 24 12 99 63 72 75 43 49 65 93 2 97 15 0 38 66 20 81 61 42 6 54 7 47 80 71 11 53 52 98 60 78 73 55 83 84 27 69 18 1 26 13 3 51 29 25 85 76 57 70
69 38 23 45 49 31 93 59 63 30 58 53 95 73 19 96 56 35 83 44 41 40 97 33 85 27 84 6 86 13 29 78 98 26 70 66 7 32 89 68 77 94 79 18 75 11 34 15 57 92 99 22 81 16 0 8 55 82 12 46 3 62 20 61 4 25 60 52 51 43 50 9 17 42 1 76 24 91 21 71 65 10 2 74 28 36 47 67 64 54 48 87 5 39 88 37 14 90 80 72
87 92 34 67 64 81 1 78 8 91 68 88 66 90 85 32 25 50 42 86 51 73 70 9 79 54 89 65 57 28 62 39 12 52 58 75 84 40 38 6 11 49 7 26 35 44 20 27 95 61 56 59 53 77 93 69 15 72 21 17 3 29 4 98 96 36 23 71 47 48 2 22 80 94 10 37 0 24 45 30 74 43 18 97 13 31 63 82 76 55 83 19 60 46 41 99 16 14 5 33
2 42 80 31 76 84 3 83 27 85 16 43 64 97 12 34 86 61 29 65 73 68 57 11 15 45 78 62 4 39 79 1 19 38 63 21 91 18 58 0 60 90 8 92 98 87 17 40 9 14 41 74 82 6 94 20 30 67 51 13 49 35 72 33 99 50 48 52 77 5 71 26 93 75 95 70 10 44 53 22 96 69 37 32 88 89 47 23 54 25 56 66 46 59 55 28 24 81 7 36
68 55 63 16 30 38 83 3 11 8 18 75 97 65 84 82 21 72 69 62 6 39 96 46 19 71 4 28 54 33 78 37 99 22 93 45 29 10 32 27 49 1 41 52 26 80 89 70 98 85 14 66 67 58 79 88 47 90 48 94 7 42 50 53 36 59 23 17 5 43 0 56 20 77 25 13 12 86 74 61 64 35 34 9 60 24 76 92 95 44 91 51 73 81 87 2 57 31 40 15
47 76 2 22 96 65 73 68 75 26 13 39 12 89 0 91 56 52 98 42 44 88 35 32 54 80 27 62 28 7 34 40 69 16 81 4 57 90 20 71 87 30 49 8 70 59 74 9 94 3 95 10 11 29 41 19 37 64 17 79 67 66 24 50 45 46 38 84 60 93 21 6 61 1 92 18 82 5 31 53 97 48 58 51 25 63 85 36 86 55 14 15 43 78 23 33 77 83 99 72
21 10 28 94 39 36 88 60 76 81 61 46 99 47 13 9 27 92 14 11 87 4 48 71 0 59 93 41 33 57 43 96 19 64 70 6 24 86 82 40 90 45 30 38 69 95 85 52 31 3 22 55 49 32 72 67 17 25 80 79 23 63 56 5 1 89 2 58 78 44 54 51 50 66 20 84 7 29 68 98 35 62 73 12 8 42 77 37 97 34 83 65 75 53 26 18 74 15 16 91
26 87 98 23 59 13 10 54 47 6 41 53 1 7 43 55 24 45 83 28 44 50 64 16 42 96 79 39 5 60 40 30 29 67 84 2 62 97 73 93 37 78 92 76 63 61 71 88 66 46 95 70 75 82 57 12 81 72 21 31 27 17 52 77 14 22 74 4 8 18 99 91 9 49 33 85 86 68 38 36 80 32 34 89 25 11 56 35 65 51 69 20 48 19 90 58 3 15 94 0
2 72 27 7 45 17 85 26 80 76 51 53 95 99 30 25 77 39 66 42 83 70 50 74 13 4 98 0 19 5 67 6 55 32 40 49 91 68 92 24 54 73 41 69 12 52 29 15 62 10 57 47 82 28 16 44 84 65 14 60 81 34 48 89 35 94 1 71 97 43 64 37 87 33 3 36 58 21 86 90 38 75 31 93 11 46 88 56 20 8 61 22 63 78 9 79 23 96 18 59
8 49 20 72 78 91 74 6 25 13 94 52 2 1 26 43 32 70 27 54 68 11 28 51 10 41 12 62 40 17 29 39 79 53 16 85 64 3 81 61 46 45 69 7 73 75 22 71 42 82 21 58 60 31 63 98 90 80 56 77 5 15 33 76 67 95 48 92 89 84 18 55 88 50 34 30 44 0 66 87 47 59 57 23 99 96 14 24 93 36 97 9 83 37 35 86 4 38 19 65
14 45 49 17 42 40 95 0 4 91 66 23 77 94 37 7 93 72 58 82 3 18 59 69 51 28 48 87 98 11 55 10 34 74 15 70 56 33 46 83 13 30 63 96 78 71 61 85 50 76 88 84 54 16 25 52 44 73 75 64 27 29 57 26 81 43 32 67 47 90 41 68 22 31 99 38 65 1 8 86 20 80 9 89 79 53 19 97 2 21 6 5 36 35 92 62 60 24 12 39
35 24 13 77 7 46 41 52 66 91 70 47 49 85 36 0 18 40 67 31 23 98 48 21 22 20 94 39 56 97 37 71 88 25 74 17 14 44 62 72 55 45 29 64 12 95 81 16 87 80 4 10 19 75 76 68 50 26 93 92 15 28 6 82 96 99 79 58 69 57 27 3 32 86 59 90 60 34 8 33 11 2 83 38 78 89 53 63 9 84 5 61 65 42 51 73 54 1 30 43
94 19 28 60 79 31 11 63 9 68 20 99 39 61 8 5 76 33 18 72 71 42 98 84 82 6 47 75 37 62 32 66 12 78 7 64 4 69 95 16 59 0 30 65 67 93 92 44 51 91 35 80 52 58 57 55 29 46 21 40 85 74 23 89 53 25 43 45 34 97 36 86 15 2 83 56 88 26 22 1 49 73 50 3 38 14 41 17 70 81 54 90 77 48 13 24 96 87 10 27
41 42 69 56 72 18 83 76 47 31 67 32 91 1 99 57 68 9 46 81 98 12 80 82 65 54 30 88 8 78 34 2 11 53 48 94 86 44 37 6 75 60 21 70 90 55 14 39 96 63 38 62 61 17 16 77 28 15 13 36 40 5 87 26 64 0 58 22 35 19 27 71 23 51 74 84 3 73 97 25 95 89 59 20 43 33 29 7 45 4 79 24 93 49 66 92 52 10 85 50
65 4 46 43 89 54 50 0 60 17 37 69 11 52 47 1 93 94 86 71 68 8 59 88 7 56 9 99 28 2 96 35 78 21 12 87 91 6 62 82 90 72 22 38 14 48 19 63 74 5 98 92 55 49 84 70 80 26 57 36 29 81 58 30 77 13 23 75 44 61 67 45 97 85 15 25 66 16 51 95 18 39 40 31 41 33 27 34 76 64 20 24 79 32 53 3 42 10 83 73
93 91 25 79 75 99 65 20 21 45 14 26 6 85 73 29 66 92 11 16 48 62 89 86 41 56 54 88 60 2 97 7 67 3 19 34 50 78 35 77 80 33 90 24 69 1 70 52 53 4 74 32 63 44 64 87 84 76 42 27 95 28 81 31 61 8 39 59 68 36 96 98 55 94 82 47 83 49 37 58 17 12 43 23 15 18 38 5 40 72 13 71 0 10 46 9 51 57 22 30
60 32 98 89 88 82 57 38 35 25 40 63 93 24 26 30 34 3 45 39 97 76 56 66 7 74 37 64 1 94 86 71 77 80 12 84 44 58 36 85 6 46 33 83 54 47 55 21 42 29 2 99 14 62 49 69 75 52 28 4 51 70 67 95 78 5 20 17 61 27 87 81 59 23 53 10 43 96 16 90 0 22 18 68 79 91 19 31 72 65 13 11 9 48 8 41 50 73 15 92
64 7 22 73 93 40 68 42 37 6 70 89 54 38 44 45 33 80 34 5 85 3 36 91 59 81 90 28 88 12 11 18 97 43 77 41 0 74 32 86 99 84 61 52 46 4 25 31 39 76 79 49 51 96 8 94 75 17 16 2 66 56 29 62 47 15 78 65 53 26 24 27 58 57 71 87 48 92 21 20 69 19 67 30 98 95 82 63 50 60 35 14 13 55 72 23 10 83 9 1
43 48 52 22 66 68 51 26 70 47 97 59 24 83 9 42 86 39 87 5 29 92 64 95 54 60 79 19 15 72 93 57 36 23 55 14 28 50 75 90 49 13 96 45 94 74 7 73 4 1 10 34 82 46 17 16 20 0 85 25 35 56 88 61 33 32 98 89 12 30 38 2 69 18 21 80 71 84 6 99 63 58 67 62 11 65 77 81 27 76 44 91 37 8 40 53 31 3 41 78
34 54 92 93 45 40 35 42 38 6 2 66 70 33 67 16 27 48 55 13 18 98 22 89 43 81 72 51 12 31 1 58 57 75 36 84 85 49 11 94 46 82 25 96 37 26 80 88 7 17 8 73 65 95 78 14 56 39 90 53 47 9 62 0 61 79 50 44 30 21 87 3 24 97 69 15 91 52 83 41 86 64 29 76 10 5 23 4 68 60 63 77 20 28 59 19 71 74 99 32
7 15 97 20 57 31 5 66 38 96 44 85 46 56 24 22 89 25 11 94 10 98 21 30 36 99 42 71 77 88 83 69 14 51 29 9 86 16 33 13 76 12 45 79 61 34 3 95 54 17 74 92 90 0 87 60 62 72 82 26 23 28 50 63 58 4 59 55 67 93 35 39 1 64 18 73 91 41 80 49 37 8 40 75 52 48 47 70 43 19 27 81 68 32 6 65 53 78 84 2
45 77 93 16 88 23 63 66 99 58 17 54 0 81 65 20 19 95 62 82 79 97 85 14 83 39 80 89 15 74 22 42 92 32 73 12 51 94 78 31 68 91 38 24 71 37 86 50 47 64 26 34 35 56 41 59 49 72 57 30 60 87 27 25 29 53 6 10 21 84 46 70 18 40 48 2 8 90 7 36 11 75 13 67 33 44 4 1 5 28 96 55 61 76 3 52 43 98 69 9
43 6 66 84 74 10 53 52 89 28 38 79 75 40 36 81 15 35 62 50 33 93 55 32 56 8 63 59 17 64 51 30 24 69 18 11 2 72 86 94 83 0 88 73 49 5 31 47 97 12 44 67 39 91 92 46 23 14 54 9 37 61 48 70 45 87 90 78 65 98 34 96 99 21 25 3 41 16 57 7 68 82 85 19 29 58 13 4 71 1 60 95 80 76 42 22 77 20 26 27
64 13 71 72 14 78 97 2 26 91 8 68 39 28 24 81 47 60 62 79 85 82 84 55 46 52 6 74 35 19 20 98 23 83 92 69 96 65 3 5 11 12 66 90 41 40 67 56 25 48 87 61 7 95 44 73 34 99 17 54 32 53 30 27 15 58 0 36 80 9 31 75 33 16 86 50 77 70 22 51 4 49 45 29 18 21 42 88 89 63 10 37 57 1 76 38 59 94 43 93
77 51 49 26 75 8 35 58 4 62 93 39 13 90 50 56 37 33 25 42 24 59 12 68 54 11 91 64 2 69 6 22 17 44 76 16 36 78 86 79 53 63 85 31 7 3 38 9 87 18 5 48 23 97 52 47 40 98 70 65 99 43 82 74 88 89 84 20 15 29 14 81 92 45 71 66 28 21 67 96 46 1 41 57 34 10 60 83 80 61 95 27 0 30 32 73 55 72 94 19
54 48 26 82 11 90 31 91 22 14 81 88 29 46 4 55 40 5 76 15 52 96 78 89 64 25 58 27 21 95 74 85 69 8 68 23 73 9 49 16 50 86 0 83 62 44 53 80 17 92 65 56 2 12 28 97 7 72 19 47 98 36 43 63 34 71 30 77 99 18 61 93 3 39 87 45 13 32 94 60 10 38 70 75 24 35 66 37 41 67 51 84 20 33 79 1 59 57 42 6
83 22 38 45 86 43 92 35 74 75 20 18 4 71 31 41 57 66 33 47 96 54 15 0 14 5 78 94 39 56 88 21 77 10 62 51 11 99 25 8 60 6 48 64 1 87 69 85 7 16 30 70 27 23 58 65 28 50 80 61 93 97 42 82 19 89 63 26 72 24 53 34 67 46 68 90 2 17 40 76 49 81 91 52 3 32 9 12 95 44 36 59 73 37 55 79 29 13 84 98
71 31 4 77 20 65 90 60 21 70 8 16 69 55 45 97 62 73 15 86 39 38 30 53 84 18 50 29 13 52 44 2 48 10 12 19 9 46 25 47 75 92 68 0 56 88 1 63 32 23 17 81 91 96 7 58 3 85 42 14 94 34 79 40 35 99 66 98 51 49 33 36 89 26 78 24 80 64 11 22 74 87 95 76 59 67 27 93 37 83 5 43 28 54 82 41 6 72 57 61
65 45 44 36 26 31 88 63 33 73 72 80 62 91 22 9 27 93 18 38 90 42 47 28 86 48 30 2 67 82 13 89 19 98 94 20 14 70 49 37 4 41 58 40 10 81 66 35 39 59 15 46 97 99 96 12 3 56 24 85 71 7 29 34 83 79 17 43 60 5 84 61 64 54 76 0 21 92 57 74 23 75 87 11 52 68 51 78 6 25 53 8 32 55 50 77 16 95 69 1
43 17 0 30 48 71 3 20 54 80 18 68 1 84 33 72 74 23 65 77 96 86 78 83 36 37 28 73 14 44 63 42 53 98 35 13 61 25 69 10 93 76 52 45 41 90 51 4 21 79 29 26 49 27 24 85 9 64 38 87 66 75 31 59 67 97 81 47 89 57 32 60 55 58 62 22 5 7 19 46 2 99 88 70 11 50 34 92 95 6 40 16 12 94 39 91 15 82 56 8
7 27 90 2 74 16 9 10 41 57 40 5 68 12 52 71 22 72 64 81 87 38 73 29 67 18 60 65 15 24 31 79 59 50 20 97 80 89 86 44 25 83 14 34 56 51 61 77 32 91 0 11 82 26 49 28 63 23 6 55 99 58 92 4 76 35 96 70 94 19 43 37 8 62 69 39 54 42 13 95 47 66 78 1 53 46 85 33 48 30 21 36 3 98 75 88 93 17 45 84
78 72 82 21 5 39 64 28 30 1 63 23 43 69 47 8 59 38 34 49 18 24 99 52 95 4 90 75 80 25 10 35 6 15 32 70 61 14 71 74 94 31 20 13 16 77 96 11 89 50 0 7 46 56 60 53 37 42 41 33 93 67 2 76 22 48 54 62 88 12 3 36 66 91 87 9 84 73 79 40 92 65 55 68 86 45 98 29 83 26 97 51 17 57 27 44 85 58 19 81
7 19 89 6 85 53 27 23 20 24 84 51 56 55 13 65 1 15 39 18 59 96 10 94 33 32 5 0 54 45 17 21 49 3 66 82 64 88 76 12 47 58 52 8 90 42 70 83 30 63 11 98 16 80 71 43 73 97 61 36 67 86 26 14 75 91 48 4 62 46 95 25 34 9 2 31 99 41 57 92 29 68 50 22 87 78 37 79 60 74 35 38 93 44 81 69 72 77 40 28
99 24 35 30 44 85 67 34 84 14 72 98 78 17 27 22 2 37 8 94 43 41 93 86 54 16 68 13 32 1 39 42 53 76 15 70 50 57 52 75 89 11 29 90 20 33 92 26 7 66 61 62 81 71 19 79 46 91 77 9 23 4 45 21 96 31 74 36 25 73 3 47 38 88 64 69 60 82 5 28 49 10 63 40 18 51 97 58 56 59 12 55 80 65 0 95 6 48 87 83
96 94 28 58 32 93 39 20 89 21 53 36 46 47 80 11 35 68 70 85 51 4 33 3 84 48 5 90 60 54 97 42 16 27 76 10 15 34 79 17 41 88 92 7 9 61 63 26 6 2 57 81 40 25 8 31 87 24 30 99 83 56 75 18 78 14 72 95 86 77 0 12 38 37 65 52 13 55 45 73 44 66 1 82 43 50 67 64 29 71 62 91 49 23 22 19 74 69 59 98
92 80 16 6 52 95 32 71 98 78 44 65 31 46 27 42 15 91 83 73 28 94 99 30 61 66 74 29 14 88 48 76 25 72 1 57 89 17 19 60 51 22 68 35 55 85 39 40 26 24 69 10 70 3 82 77 45 34 63 5 79 38 49 36 33 9 11 50 67 93 2 75 4 8 41 13 59 81 37 12 62 0 20 87 47 18 84 86 96 54 43 53 64 56 23 58 21 97 7 90
18 98 74 57 28 76 84 78 65 9 6 68 90 2 50 62 96 97 0 51 17 27 5 39 82 93 41 60 33 38 42 20 75 47 40 44 52 85 63 29 79 22 24 8 54 73 72 46 87 56 3 14 34 43 1 7 86 21 23 10 61 69 89 16 25 67 37 99 31 12 70 95 36 55 26 83 77 30 92 35 91 13 66 19 48 88 94 64 11 15 45 80 58 53 4 71 81 59 49 32
73 95 34 31 59 84 66 49 94 0 22 17 81 80 53 28 27 46 38 7 45 20 40 75 37 90 57 9 89 72 71 4 70 32 65 24 85 2 16 19 52 1 64 5 97 30 96 6 44 77 98 74 83 11 88 69 50 79 15 25 12 87 23 93 14 8 54 62 42 41 47 99 55 82 58 21 68 35 18 51 43 78 86 48 36 10 26 56 13 91 3 61 63 33 29 39 76 92 67 60
2 5 66 4 28 36 22 0 47 31 67 74 55 11 41 92 90 63 77 80 20 34 53 96 18 88 10 83 24 19 37 6 70 94 65 50 71 97 40 25 86 13 7 58 42 45 76 32 12 61 17 52 84 14 60 82 29 95 99 62 59 48 49 8 46 93 54 15 89 79 75 23 69 91 56 73 85 51 98 44 26 35 87 9 1 72 81 27 57 43 30 64 16 68 38 3 33 78 39 21
57 18 90 82 19 39 27 53 23 12 94 7 67 50 51 89 62 31 88 14 0 78 21 47 20 77 33 92 59 17 93 91 84 37 98 26 80 35 76 69 4 38 2 55 11 71 75 72 58 56 86 10 79 41 43 70 49 22 52 5 25 8 1 40 34 54 96 85 6 42 44 83 65 30 68 87 73 15 46 99 60 9 81 74 61 32 24 66 16 28 64 45 29 36 3 95 13 97 48 63
91 24 99 57 83 6 53 95 5 43 15 61 42 59 37 56 54 9 60 21 7 58 88 39 35 1 8 55 48 41 28 22 27 89 63 2 69 71 87 72 10 38 46 26 86 74 14 12 84 92 97 51 85 20 94 82 67 80 70 11 66 65 62 40 36 23 33 77 79 29 78 64 49 13 30 31 47 52 81 17 73 16 3 68 50 75 90 34 19 96 76 98 18 93 44 4 0 45 25 32
72 76 34 14 39 17 3 5 42 65 91 37 81 71 79 67 82 49 32 0 61 28 96 46 30 99 16 20 60 87 13 89 18 47 44 8 7 15 22 69 38 78 41 64 11 57 2 48 6 12 35 55 58 63 56 80 36 24 10 1 43 51 98 9 33 50 52 84 95 92 62 93 27 53 83 40 73 97 75 86 94 29 88 85 45 4 77 70 21 68 74 31 90 26 23 59 19 54 66 25
10 5 8 1 3 7 10 7 6 3 8 8 4 1 8 1 1 4 3 4 5 1 7 9 8 1 3 2 1 5 4 10 1 3 10 5 5 4 5 5 7 3 10 9 1 8 6 5 8 5 8 3 8 5 6 10 8 5 9 6 1 10 7 1 6 5 3 1 7 9 2 10 8 10 8 2 2 9 3 6 7 8 9 7 6 10 3 5 9 8 8 9 1 5 6 5 5 3 3 10
