100
40 25 96 97 1 24 74 84 52 13 9 98 23 46 67 29 81 32 54 30 50 76 72 5 38 93 42 86 80 55 45 8 36 53 0 73 17 21 62 26 61 44 82 58 59 14 51 60 43 34 22 88 66 92 47 28 19 94 11 49 77 2 7 79 91 64 27 39 71 63 87 70 56 68 89 48 90 15 85 35 78 3 10 31 41 65 69 12 6 33 75 83 95 37 99 16 4 20 18 57
20 87 96 69 41 68 66 44 50 19 99 26 17 71 15 28 36 12 14 74 10 61 33 75 38 23 51 72 67 65 45 85 93 58 16 39 0 81 79 22 94 63 56 49 60 27 46 35 54 29 73 13 40 86 11 37 9 78 91 7 6 90 88 98 77 83 43 24 53 64 25 21 52 55 8 97 82 84 5 42 57 34 92 80 32 62 70 4 47 3 30 31 2 89 76 18 95 1 48 59
7 34 89 27 29 54 21 41 93 86 37 69 6 16 48 91 58 3 30 47 55 46 38 87 8 43 36 5 99 96 68 56 79 11 42 44 75 4 18 62 32 13 63 71 51 92 17 90 70 72 12 19 73 2 1 50 84 10 78 82 81 57 14 22 85 26 77 52 31 65 49 95 9 67 33 39 83 88 40 59 64 0 98 45 76 28 80 60 94 66 61 15 25 20 74 53 23 35 97 24
7 69 96 76 79 71 80 41 61 98 39 8 73 42 43 99 2 47 16 66 9 68 93 72 40 85 89 30 54 86 27 5 97 65 94 50 1 64 88 38 87 83 57 25 92 21 75 29 3 62 67 15 78 51 82 20 34 10 36 32 46 95 28 74 77 26 49 12 6 18 37 59 44 91 52 48 35 17 22 53 31 23 56 58 0 90 63 24 33 14 11 19 84 45 55 70 60 4 81 13
98 78 61 19 49 29 44 45 71 94 18 32 38 40 91 22 41 31 58 54 56 89 76 17 99 15 37 16 77 43 14 52 27 97 85 93 96 12 87 50 28 90 59 70 7 6 0 75 48 95 64 92 79 82 24 11 39 35 30 60 84 9 57 26 65 3 46 2 72 25 13 73 51 62 4 88 63 80 68 86 42 36 33 8 10 21 69 53 83 34 74 20 55 66 5 67 47 23 81 1
69 55 48 73 79 57 9 59 70 27 42 51 95 49 26 58 94 98 6 34 44 43 93 33 40 25 63 76 64 31 67 35 68 60 61 1 78 8 72 23 90 3 99 75 45 92 17 4 46 80 62 54 32 18 82 56 77 10 14 83 22 36 13 86 89 50 7 91 2 39 41 37 11 28 81 88 97 87 96 85 5 84 30 16 38 47 19 15 53 66 20 52 21 29 12 24 74 71 0 65
46 10 19 38 45 29 91 47 21 66 73 99 31 15 26 74 11 1 22 87 3 79 70 4 62 28 75 35 13 97 17 32 59 51 71 6 89 40 53 81 82 83 96 88 95 72 12 41 43 0 23 78 76 54 90 64 98 37 49 67 94 56 16 61 30 7 18 84 86 52 14 36 48 58 63 20 33 85 34 68 8 50 44 42 24 69 27 5 80 93 25 9 77 39 65 55 60 2 92 57
27 60 74 95 59 94 36 56 82 47 65 17 50 91 88 61 3 39 43 24 14 40 11 45 32 0 54 49 98 33 72 9 87 96 38 1 79 6 19 97 58 20 41 55 13 5 63 22 84 16 85 48 92 70 89 7 78 76 15 37 83 81 34 51 28 93 77 2 29 21 69 42 53 8 80 35 52 68 86 18 31 46 67 75 64 66 10 4 30 44 73 71 99 12 90 26 25 57 23 62
5 56 54 83 57 16 33 17 4 94 96 26 19 44 60 23 70 46 42 91 8 77 41 50 76 47 35 71 15 90 10 1 45 62 28 24 43 80 66 7 13 85 32 67 39 30 74 84 75 36 95 68 51 37 53 98 38 0 93 82 40 29 31 79 49 64 22 27 88 12 9 87 55 18 14 86 69 92 20 78 21 34 89 61 63 11 25 65 97 58 3 99 59 73 48 52 2 72 81 6
9 84 1 66 31 23 65 52 11 72 26 56 6 46 39 59 76 51 20 3 12 13 54 16 14 7 75 98 28 29 57 48 21 19 78 88 77 18 32 87 42 68 5 90 81 93 95 83 69 27 4 70 22 44 73 91 43 41 25 10 64 97 45 92 82 17 8 71 34 35 36 86 33 58 2 63 49 0 94 60 67 99 53 30 47 55 50 74 80 79 89 38 37 62 61 15 40 85 24 96
47 1 40 13 79 64 66 21 54 5 34 32 8 22 39 52 72 97 45 41 82 19 10 38 80 96 81 50 95 4 43 7 89 20 68 27 15 86 57 91 83 23 30 16 92 70 26 51 49 14 6 24 65 2 88 94 69 59 46 85 44 77 73 37 55 99 53 17 31 35 63 28 62 98 18 67 33 9 42 76 93 11 71 48 75 29 3 0 84 60 58 74 90 87 56 61 78 12 25 36
71 61 5 28 55 64 46 99 25 52 10 35 36 73 38 4 98 95 13 50 8 59 85 58 23 20 42 80 77 49 83 34 79 47 88 56 81 63 39 27 31 82 76 53 60 97 92 75 16 78 33 19 21 43 30 96 45 67 29 90 41 51 86 6 66 9 37 24 93 54 84 32 18 26 57 65 12 68 62 17 74 40 0 14 2 70 48 7 87 89 44 15 11 1 72 22 91 94 69 3
9 4 3 24 15 18 95 7 78 32 79 26 1 74 23 31 6 50 96 73 39 43 69 12 64 5 84 16 49 92 66 48 42 47 83 8 56 2 33 59 58 55 62 93 13 27 20 89 19 54 57 36 25 52 99 61 80 76 17 70 97 37 85 21 28 40 77 44 30 11 87 22 67 72 90 45 94 51 98 75 82 63 0 35 14 65 38 86 81 41 68 46 60 91 29 10 71 88 53 34
41 26 89 91 16 48 83 94 80 69 39 10 92 40 14 32 2 36 85 7 61 34 52 66 82 57 20 35 45 60 78 24 67 0 6 28 1 74 64 71 98 93 95 42 63 9 50 47 76 75 5 58 72 87 3 68 49 53 21 88 59 97 38 30 99 27 15 22 73 46 90 17 54 11 84 77 79 33 37 86 12 81 96 44 25 18 65 43 31 13 29 51 23 4 19 56 70 62 55 8
93 41 78 25 73 29 88 99 70 37 61 64 91 12 10 7 24 17 18 57 86 97 52 20 68 82 43 66 22 46 33 56 87 72 90 15 74 55 77 81 94 50 53 59 54 83 14 67 47 21 11 30 3 69 38 45 27 44 58 85 9 32 26 51 62 84 4 92 35 0 76 5 60 95 31 13 71 65 49 36 1 63 8 40 23 48 75 6 19 42 2 89 98 34 28 16 80 79 39 96
27 35 69 92 15 33 87 25 11 45 71 94 60 9 41 62 95 29 54 14 89 39 44 50 4 86 8 61 2 42 57 85 98 3 83 26 22 48 10 90 77 82 34 76 5 84 12 43 88 16 58 64 40 65 18 72 1 99 38 81 96 37 56 79 73 97 31 47 59 55 36 30 13 24 28 75 80 93 23 51 68 53 74 52 70 63 20 6 49 66 91 0 17 21 78 19 46 32 67 7
44 12 94 98 4 21 20 11 34 30 63 62 1 74 93 36 57 97 80 84 7 28 27 56 83 96 38 89 47 86 46 58 3 90 75 26 73 6 66 72 82 42 23 15 99 69 24 60 41 79 51 91 68 76 45 22 39 17 67 16 9 85 31 59 78 13 54 53 61 37 95 25 29 18 35 50 70 33 19 32 81 5 55 77 40 48 8 52 71 88 10 14 43 65 92 87 0 2 49 64
31 85 8 0 89 38 80 3 39 24 56 86 64 83 60 15 93 46 30 21 51 22 55 74 5 70 57 13 50 76 25 45 65 26 61 69 96 1 62 99 88 78 23 63 68 42 14 19 17 29 43 53 94 67 33 71 52 7 44 66 37 49 20 73 59 40 97 34 87 41 79 75 2 28 48 72 82 47 6 32 4 77 9 90 36 35 18 11 92 54 98 16 58 95 10 81 91 12 84 27
13 83 27 26 60 19 72 57 58 77 8 0 20 96 75 28 17 31 6 12 35 2 93 37 5 25 14 50 29 80 11 92 9 88 78 15 84 63 95 38 30 51 40 32 90 10 81 79 47 54 66 59 82 18 22 36 65 48 45 1 33 41 46 42 23 44 16 89 71 24 86 49 68 76 94 67 21 69 56 74 61 70 39 3 98 91 73 43 64 7 53 87 62 4 55 52 97 99 34 85
82 74 19 21 92 30 88 45 89 34 38 27 75 96 42 49 46 18 0 2 97 86 85 1 62 61 16 14 57 15 67 8 83 80 7 37 65 33 52 72 47 87 58 68 10 81 22 70 5 39 43 44 66 6 69 53 13 78 40 63 90 3 31 95 36 55 51 98 25 11 84 9 12 54 24 91 20 4 73 76 71 99 41 94 59 35 17 48 50 60 79 23 93 28 56 77 26 29 32 64
61 68 99 13 91 88 56 45 10 94 96 84 64 39 85 0 5 35 26 37 30 77 89 83 48 3 65 23 74 73 86 9 93 57 27 2 81 50 18 21 79 80 41 92 34 32 52 40 42 24 82 44 54 7 12 62 31 25 60 17 87 36 16 72 14 8 22 63 47 78 58 1 49 6 51 95 59 46 4 29 98 53 71 66 19 28 43 69 70 15 55 97 33 75 90 20 38 76 67 11
37 93 76 13 14 81 66 40 45 30 97 32 96 31 25 50 24 58 3 47 23 83 49 98 99 34 62 52 44 70 21 11 22 43 95 9 29 71 68 57 77 92 78 7 10 17 15 89 0 12 88 39 64 16 53 56 42 73 2 8 94 36 67 20 84 54 6 60 27 5 19 90 1 72 80 65 82 69 4 46 26 91 55 35 33 63 28 86 61 59 48 75 74 51 85 18 38 87 41 79
44 52 36 76 96 9 38 37 10 56 60 47 95 11 13 16 83 72 45 65 59 48 69 87 81 42 54 89 99 73 22 91 6 20 97 35 75 28 94 63 82 77 8 40 34 26 70 79 1 12 67 18 78 90 74 41 29 21 17 80 5 4 68 30 71 31 93 50 0 24 14 64 55 23 27 98 3 43 51 32 19 88 33 61 57 84 49 66 85 7 53 86 46 62 25 92 39 2 15 58
42 89 40 97 86 30 8 60 33 28 13 46 35 54 78 16 49 69 3 77 50 87 53 76 92 66 80 37 55 7 81 95 25 91 68 72 83 23 21 34 20 64 14 26 90 19 38 51 96 58 67 70 11 27 43 22 73 99 32 61 56 94 79 59 85 57 0 88 71 6 39 65 18 4 47 74 75 98 1 52 29 44 84 45 63 48 93 5 31 2 17 12 82 41 24 9 62 36 15 10
76 41 1 36 7 17 75 85 96 16 53 89 79 46 74 73 78 42 84 94 70 65 22 45 66 24 39 6 69 0 55 50 80 32 27 44 26 51 61 86 43 60 48 97 34 67 33 3 25 38 10 59 88 5 12 68 54 11 71 40 20 14 63 8 31 92 87 2 62 28 58 47 95 99 82 30 23 56 49 72 4 90 52 18 37 91 83 81 19 57 93 13 64 9 15 98 77 29 35 21
35 19 69 91 84 37 76 38 43 16 52 14 63 86 58 51 74 64 36 0 56 18 5 79 92 42 94 88 99 85 66 71 61 44 26 93 23 27 89 77 1 57 95 10 70 53 90 82 75 9 12 62 15 20 24 55 60 30 11 97 80 87 39 29 78 68 50 32 98 59 28 67 3 22 81 7 41 45 6 73 34 25 33 2 83 65 4 8 54 46 40 96 17 49 13 21 48 47 31 72
30 1 96 65 0 22 61 94 50 10 58 54 34 77 2 43 53 35 91 76 52 74 33 37 49 86 47 80 38 78 24 90 25 16 99 59 87 97 21 66 79 69 36 84 89 26 48 92 95 98 72 75 70 27 20 9 12 55 19 64 8 85 82 44 29 57 6 73 39 88 63 67 56 31 42 4 93 62 46 15 68 40 28 32 83 11 41 81 13 5 45 23 17 18 14 51 60 71 7 3
35 87 0 21 58 31 20 9 49 52 93 48 40 95 82 57 1 37 71 7 8 77 98 16 90 11 89 45 60 6 25 83 3 19 59 65 53 88 5 29 79 36 76 28 97 39 64 50 46 70 80 17 4 62 69 12 66 33 27 42 43 56 99 30 32 81 22 51 92 96 24 2 68 34 14 78 18 23 26 41 38 44 13 61 72 55 63 47 73 10 67 86 54 74 75 91 84 15 94 85
44 24 21 25 45 68 78 48 15 79 23 92 12 20 2 85 70 36 0 97 30 66 83 72 29 27 61 9 34 57 54 6 55 73 42 50 40 13 58 5 1 3 65 76 96 16 49 7 98 59 90 19 41 82 10 64 35 33 18 88 47 69 37 60 4 99 63 17 75 74 8 67 22 80 28 81 51 31 62 93 86 87 11 32 89 77 39 95 53 94 46 84 38 26 71 56 91 14 52 43
62 51 81 34 57 77 80 2 45 76 41 97 70 74 9 61 43 22 38 30 18 78 84 28 92 50 49 27 33 82 31 54 15 90 67 79 17 36 58 64 4 59 85 65 39 23 73 47 88 66 25 71 87 53 12 55 69 60 63 14 26 20 8 24 68 56 11 89 29 46 6 1 52 16 95 72 94 42 13 86 19 37 0 21 91 5 96 35 32 3 40 75 44 83 98 48 93 7 99 10
15 12 65 26 16 30 72 27 61 11 82 50 54 84 89 94 41 70 71 53 59 68 31 96 75 9 17 93 13 22 57 36 97 20 67 29 46 44 73 81 76 42 66 25 87 6 69 5 21 56 63 18 23 35 43 2 49 33 58 14 51 8 1 37 28 80 88 86 48 78 90 95 77 4 60 24 0 99 45 7 91 3 38 79 34 74 64 19 55 10 39 47 40 83 98 85 32 52 62 92
90 12 56 91 79 13 50 48 65 64 19 95 45 34 83 60 22 32 1 7 40 49 88 75 42 53 80 20 61 16 6 94 26 41 72 57 51 98 31 76 93 44 46 24 36 97 58 73 62 71 2 70 84 99 5 69 81 77 67 96 85 4 33 0 15 59 38 25 30 29 35 11 3 52 17 39 55 78 14 10 89 82 47 28 92 66 86 54 63 23 9 21 43 74 18 8 27 87 68 37
19 23 79 42 1 52 64 24 54 89 47 16 86 18 78 55 2 0 87 34 58 25 6 97 57 63 32 26 9 77 48 72 4 10 29 84 93 82 14 61 76 12 21 62 53 35 60 91 31 70 73 27 40 15 95 33 98 8 30 83 3 66 85 80 65 17 71 51 56 43 74 37 88 44 75 38 69 41 90 68 50 22 81 7 5 96 39 94 46 36 49 11 13 67 28 20 59 45 92 99
21 45 5 18 54 78 49 84 25 65 20 15 63 66 37 0 47 19 34 95 81 53 10 22 76 62 83 48 1 43 88 41 2 89 85 98 30 57 28 69 8 87 58 39 23 33 50 70 31 7 94 64 80 17 93 6 99 9 26 68 11 52 77 12 90 16 24 79 55 59 4 40 29 97 46 56 42 75 3 36 67 60 91 38 51 73 82 13 27 86 71 32 92 35 74 14 96 61 72 44
69 89 64 15 60 41 70 86 1 51 78 33 57 13 16 73 92 56 82 81 8 24 84 71 88 7 80 28 21 20 32 10 91 50 18 65 27 99 95 63 66 25 35 30 36 98 62 29 79 83 43 97 40 52 12 17 47 68 3 59 61 39 11 44 55 49 22 94 90 58 5 0 54 37 76 31 77 48 53 72 96 23 9 74 19 34 2 45 93 67 6 75 4 14 42 87 26 46 38 85
21 41 29 35 56 84 93 18 39 75 50 8 83 31 99 48 28 87 92 63 40 66 38 42 13 7 4 1 9 72 76 68 51 96 71 23 57 81 94 60 78 19 70 52 91 90 20 88 95 27 44 80 61 14 86 77 36 30 3 64 34 49 22 67 74 2 16 55 6 37 98 43 85 89 73 47 58 10 5 54 17 33 79 65 11 32 46 12 15 82 62 97 53 24 0 26 59 69 45 25
84 70 81 35 5 61 47 97 18 56 48 14 2 1 68 3 94 65 0 23 39 22 57 26 46 71 91 36 10 62 45 27 38 33 4 88 30 86 59 40 66 78 60 19 17 77 6 51 12 72 95 32 29 96 34 76 11 75 83 85 53 89 49 42 63 82 80 98 69 13 24 99 25 9 50 16 54 55 8 31 58 52 21 87 90 67 74 79 20 43 64 28 37 93 41 44 15 92 7 73
84 5 17 22 8 26 81 75 12 68 35 86 71 52 6 48 79 28 61 25 66 34 93 69 87 63 98 10 82 70 36 30 80 56 13 43 38 83 29 50 3 57 62 94 24 64 33 49 97 11 88 59 21 14 45 76 55 15 31 73 2 44 46 7 91 90 78 23 32 54 19 67 0 85 4 42 1 92 18 74 65 95 58 51 53 60 41 20 77 40 27 72 96 89 99 47 9 37 16 39
92 34 29 36 77 17 72 51 53 81 83 14 7 48 86 90 22 2 10 49 98 9 54 61 70 12 31 68 43 46 59 30 38 62 16 58 64 44 73 45 88 96 85 23 95 87 15 35 21 40 56 65 20 41 79 8 57 93 0 1 52 24 66 33 27 76 6 37 5 42 11 78 50 39 25 74 19 69 4 97 84 91 3 47 26 55 94 28 60 18 13 71 99 82 63 89 67 75 80 32
77 60 28 74 25 10 95 93 8 76 36 2 42 32 41 0 97 31 63 87 22 84 40 46 68 80 18 71 92 6 90 56 26 49 85 27 55 75 14 43 91 35 44 53 67 61 54 13 69 79 59 86 1 38 72 52 15 50 23 21 82 66 89 16 51 83 3 39 24 37 4 88 30 70 45 9 20 62 65 64 99 5 33 73 12 19 7 47 29 11 48 98 78 57 58 94 81 96 17 34
84 54 27 50 77 92 57 21 43 16 4 64 44 73 59 78 81 35 14 93 49 40 95 89 69 67 47 86 25 72 11 1 2 42 23 60 58 8 13 36 29 63 83 28 39 80 38 98 26 76 0 74 32 82 85 46 91 56 6 79 68 19 7 34 5 55 30 12 88 33 99 15 51 48 52 94 97 66 96 90 31 65 62 45 9 18 70 3 87 22 41 24 71 10 61 37 53 20 17 75
55 7 10 16 94 29 72 53 82 48 77 81 23 67 26 73 96 57 52 95 15 46 44 28 12 76 99 45 80 47 74 69 56 68 39 27 36 18 38 40 92 33 97 66 89 90 13 83 59 25 60 63 37 54 22 21 8 91 42 98 79 1 32 64 20 24 17 9 61 30 88 2 87 65 85 84 62 86 3 75 5 50 34 78 19 58 93 4 70 35 6 71 11 49 0 43 41 51 31 14
57 67 21 43 29 6 45 52 24 16 69 33 77 22 1 4 62 47 9 73 13 3 64 0 36 2 68 53 7 18 44 56 96 15 35 86 79 46 85 78 8 63 40 72 32 97 87 34 5 39 84 94 17 82 65 90 92 98 93 91 12 51 95 37 49 74 41 70 88 31 66 19 75 71 58 28 11 10 61 48 89 50 26 23 30 25 27 80 42 38 76 54 59 55 14 99 20 83 60 81
28 67 42 1 99 71 24 85 92 69 55 36 17 49 10 14 22 88 3 45 81 94 44 87 78 46 62 48 35 29 40 39 15 7 27 43 18 12 8 2 33 96 21 4 0 70 20 66 58 34 30 64 60 61 89 37 11 72 6 80 51 23 79 93 52 13 90 68 5 59 74 73 47 65 86 54 50 57 25 97 91 38 82 63 75 98 26 19 84 83 32 56 95 76 16 77 41 31 9 53
28 42 81 62 3 4 16 17 30 54 53 60 65 44 36 56 40 58 14 47 7 80 24 93 57 55 9 20 94 86 98 15 82 18 88 50 32 71 64 33 68 5 49 1 96 99 25 97 52 43 29 13 76 79 78 12 74 89 0 26 66 77 23 72 59 46 95 87 8 70 69 21 63 11 48 2 61 6 90 92 84 67 34 35 19 37 31 91 85 83 22 73 39 10 38 51 45 41 27 75
62 5 14 52 33 55 70 28 43 16 1 24 58 30 40 2 67 68 0 4 18 59 66 13 74 90 94 92 71 37 84 61 98 23 87 81 95 44 82 35 65 11 83 42 19 60 6 46 10 7 27 69 34 21 8 88 38 17 54 29 86 96 57 31 49 99 78 20 56 26 41 3 64 47 45 93 89 25 72 22 85 91 9 15 76 36 73 63 77 32 53 48 80 50 12 97 51 75 79 39
77 42 68 41 62 60 37 66 23 59 88 55 47 5 9 18 95 86 7 0 29 92 13 6 20 27 65 52 53 28 40 87 80 19 10 33 57 76 31 36 25 4 81 49 24 67 54 51 78 50 30 97 70 94 17 43 75 22 82 39 69 58 48 72 8 2 99 15 71 46 79 96 45 3 89 16 56 85 73 12 64 34 91 83 14 63 26 38 1 74 44 32 90 11 84 93 61 21 98 35
36 19 83 77 94 70 99 47 78 79 11 34 16 5 4 23 55 60 46 59 63 84 42 14 97 9 96 15 25 24 72 45 58 50 22 20 92 69 39 75 53 18 10 71 64 29 74 30 40 62 68 26 85 2 17 91 48 76 93 86 41 12 37 98 8 95 43 51 80 82 27 66 1 54 87 56 13 31 3 38 61 57 33 32 67 7 65 21 89 81 90 28 88 49 73 35 52 0 44 6
69 94 91 9 89 37 76 5 46 87 4 75 8 47 53 83 81 70 84 98 3 36 93 0 40 73 6 25 18 39 64 62 99 12 31 67 42 22 32 52 23 72 50 13 57 1 24 11 35 54 92 71 77 33 28 66 51 44 63 65 55 41 60 61 17 27 43 16 15 79 21 80 48 49 7 19 26 2 20 78 38 88 56 95 34 58 45 68 59 82 90 86 10 14 97 74 85 30 96 29
75 27 4 22 97 43 5 37 24 42 8 60 50 54 89 81 20 7 52 41 66 46 47 26 17 78 16 86 80 92 93 90 70 10 31 68 23 59 14 72 62 85 58 19 76 57 13 28 3 77 63 71 51 96 38 84 67 87 11 29 6 34 64 30 0 33 36 99 82 18 73 21 74 95 83 61 88 48 9 65 12 35 32 15 45 69 2 25 98 53 94 1 55 79 91 40 44 56 49 39
65 35 93 72 12 59 53 30 33 32 34 19 51 45 99 6 49 81 36 15 42 23 7 60 20 73 85 0 96 84 94 83 54 97 5 3 77 48 78 55 69 91 1 29 26 21 66 90 38 67 71 41 82 95 31 39 17 18 64 8 56 4 92 50 74 62 44 79 98 88 25 9 24 87 76 10 86 28 16 68 43 27 14 47 75 63 46 37 80 61 22 70 89 57 52 11 13 40 2 58
22 53 43 79 90 99 93 34 57 48 45 73 14 5 94 24 80 37 29 77 8 44 21 87 32 70 78 30 42 3 33 67 51 7 59 85 19 68 82 64 49 13 83 95 63 35 84 23 20 10 75 50 92 89 69 38 81 56 54 86 40 71 76 25 66 72 0 60 4 27 18 62 2 98 17 12 96 91 9 11 55 65 47 1 15 6 61 16 58 97 26 52 88 46 28 36 31 41 74 39
25 66 7 22 8 99 73 30 92 74 87 17 26 63 41 88 12 65 52 84 28 59 27 64 31 21 29 9 83 39 53 36 71 80 34 38 10 61 44 62 14 13 91 46 97 35 81 51 79 47 82 55 33 23 70 56 60 48 67 68 72 86 32 85 43 6 24 58 77 19 1 78 49 94 5 15 20 90 57 54 93 37 42 96 50 0 45 69 76 3 89 18 75 40 98 2 4 16 11 95
47 71 21 53 95 17 60 97 90 91 12 23 13 28 9 64 25 8 19 22 35 61 37 44 57 51 18 68 73 46 65 70 41 83 24 80 4 72 27 84 87 58 36 50 33 85 6 43 56 82 11 49 5 7 20 81 1 39 32 88 2 86 14 93 40 42 63 76 10 0 52 99 69 15 75 77 59 54 96 67 31 98 26 79 34 30 62 45 16 74 66 92 89 55 48 38 29 3 78 94
6 73 92 61 75 81 21 96 84 90 97 40 60 14 4 83 46 89 48 18 1 62 93 27 98 79 63 39 24 53 10 57 8 9 71 82 26 72 58 65 45 30 78 35 80 3 99 59 85 94 17 13 74 15 49 68 38 51 5 42 95 91 43 29 22 34 0 11 23 12 37 41 33 28 77 44 76 64 52 7 50 19 2 67 69 86 66 25 20 87 16 32 88 36 55 54 70 47 31 56
16 24 8 61 64 33 10 96 47 52 46 86 71 88 60 28 6 32 36 48 68 74 11 73 87 39 15 18 56 75 95 59 97 89 29 53 44 12 76 93 41 5 90 78 43 30 19 77 13 4 80 92 67 35 37 27 85 51 66 65 49 82 2 57 17 94 7 84 22 42 21 72 9 45 91 31 14 81 23 55 54 83 70 98 0 20 1 58 99 40 79 62 69 25 34 3 63 26 38 50
2 28 29 10 15 89 62 36 70 61 46 98 92 66 93 75 59 37 22 39 35 81 21 38 5 87 56 23 26 67 11 99 17 0 73 4 58 90 68 42 40 30 63 64 44 6 47 82 84 96 27 7 1 95 12 57 45 34 25 53 71 69 43 50 24 78 85 3 65 60 14 79 72 88 55 54 20 48 74 83 52 33 41 80 51 86 16 77 19 18 31 91 9 32 94 13 8 76 49 97
7 19 14 63 6 54 66 75 56 76 10 99 21 30 55 15 18 4 67 92 28 37 0 2 47 64 50 3 94 34 88 25 53 69 90 77 80 27 60 48 45 1 89 17 24 58 43 32 74 98 12 26 78 23 97 73 87 52 65 71 79 62 86 93 85 68 8 95 9 39 51 84 5 42 72 57 46 35 20 11 33 61 41 36 38 81 22 44 82 31 29 96 83 40 91 59 70 13 16 49
41 89 72 5 4 95 42 82 40 35 22 56 23 92 0 73 63 83 32 31 47 75 10 38 77 70 60 2 37 74 44 84 71 85 11 87 66 3 80 27 67 16 93 48 8 30 79 13 99 98 19 1 54 24 18 59 76 52 15 36 21 65 58 96 90 25 45 50 49 14 97 34 43 17 6 39 88 53 78 68 69 20 26 28 55 62 46 51 57 94 29 61 91 81 64 12 33 9 86 7
4 36 82 39 53 18 65 98 30 94 11 78 54 75 43 48 42 61 73 38 17 58 35 15 68 93 12 97 52 64 23 66 70 95 59 9 7 5 55 83 62 24 89 1 19 51 21 79 10 86 26 92 45 22 16 31 50 47 84 56 20 57 2 71 81 46 90 63 74 6 44 40 29 3 25 28 41 49 87 60 32 14 99 96 33 76 67 8 80 88 13 72 27 69 0 85 37 34 91 77
35 81 50 89 70 66 90 64 41 63 95 14 79 4 40 33 69 54 46 25 97 59 78 29 23 26 17 24 73 21 16 92 51 57 31 43 38 58 47 99 13 49 88 60 74 0 56 76 2 15 34 96 44 11 83 37 71 7 9 86 68 36 8 94 93 5 3 55 91 1 30 20 22 98 62 80 39 18 87 32 67 12 28 75 85 42 84 19 27 61 45 48 6 52 10 65 53 82 77 72
36 80 70 61 67 20 95 25 69 35 98 72 28 14 19 75 84 62 1 87 77 48 45 7 66 3 79 65 74 96 60 50 21 92 6 41 37 0 78 44 29 10 43 91 89 57 2 40 42 34 76 12 94 9 59 49 83 16 17 11 47 73 97 33 88 90 8 64 13 86 27 63 15 30 56 54 5 23 99 55 58 46 68 82 93 31 53 32 51 24 81 39 71 85 18 38 52 26 22 4
38 35 75 74 49 7 77 71 70 67 6 91 30 23 25 48 82 44 54 69 88 55 62 40 50 80 95 31 66 41 5 60 36 8 0 46 15 53 93 21 65 81 57 98 97 64 59 17 51 78 28 92 83 72 86 19 24 52 43 3 10 90 39 2 34 85 61 47 87 56 20 63 73 22 1 13 26 14 33 76 37 11 79 96 32 29 45 89 18 68 4 9 12 16 58 42 84 99 94 27
1 28 53 87 13 95 6 49 26 36 41 32 66 55 23 48 14 98 94 0 69 79 56 25 60 24 29 99 34 21 2 52 38 51 65 22 83 67 97 33 85 64 59 47 96 5 84 75 62 88 45 89 42 3 63 93 80 15 11 16 58 10 73 54 18 72 91 39 19 92 20 90 27 71 70 44 17 46 4 82 7 9 35 76 78 43 68 57 40 31 50 77 86 74 8 61 12 81 30 37
62 21 39 76 91 53 58 80 94 35 57 11 93 67 28 64 40 27 96 69 51 66 45 30 87 5 13 84 61 55 78 17 88 32 16 71 41 81 68 73 15 82 56 77 86 9 74 29 92 19 85 65 79 25 60 42 8 37 99 0 70 63 20 1 31 33 23 7 43 95 36 38 52 34 83 10 3 24 18 97 6 75 54 26 44 2 50 90 59 47 89 46 12 22 98 48 4 14 49 72
23 31 32 11 52 57 19 10 63 81 62 85 98 2 80 29 0 37 76 14 58 9 87 90 66 7 34 55 83 45 65 92 24 36 82 28 84 73 26 61 50 25 46 13 35 48 91 68 20 99 86 17 44 1 21 5 88 60 67 79 69 56 39 22 12 77 15 3 70 41 89 43 49 71 78 93 4 75 8 51 47 30 59 97 96 16 54 18 72 40 74 94 53 33 64 42 27 38 6 95
17 87 16 11 98 71 70 63 37 86 14 65 61 22 29 58 8 24 30 54 0 79 96 46 45 7 19 92 1 59 99 33 80 2 62 94 31 44 97 73 50 47 77 36 34 32 78 72 20 53 9 3 49 90 51 23 82 48 21 57 95 10 76 64 42 40 85 27 43 84 66 12 6 25 26 60 28 67 55 89 4 35 83 41 39 13 75 18 5 81 52 15 91 74 93 38 69 56 68 88
58 68 36 78 85 17 81 94 38 5 99 88 65 61 74 96 54 24 72 97 6 3 16 23 45 27 57 53 2 35 4 66 20 59 71 50 31 14 30 43 83 55 33 51 8 69 90 70 15 13 60 87 32 91 28 98 95 9 80 34 67 19 76 48 75 0 84 92 40 22 10 42 64 56 82 73 7 47 46 29 1 21 37 25 79 26 18 41 62 86 89 77 93 39 44 52 49 11 63 12
17 45 30 0 7 27 50 75 10 82 9 24 63 28 79 84 12 64 59 47 31 18 54 94 44 80 34 21 97 62 56 25 33 46 74 43 37 42 14 55 53 16 85 4 81 96 2 58 32 61 88 22 68 35 57 73 77 23 39 40 91 98 60 11 15 38 29 83 36 6 93 78 49 19 26 92 69 41 71 5 90 72 3 76 67 86 70 13 51 48 1 52 95 99 87 8 65 89 20 66
42 26 46 34 37 22 74 1 84 36 70 53 21 41 99 95 96 89 78 0 10 40 11 13 49 92 3 88 45 7 83 20 76 23 31 58 71 28 63 85 5 9 39 14 48 17 67 57 94 98 79 43 64 65 15 80 66 8 69 55 61 81 54 68 52 29 33 19 77 93 27 38 12 87 72 73 97 24 6 4 16 44 32 86 82 2 18 91 56 50 25 51 59 60 47 62 90 30 75 35
53 97 60 30 23 75 47 31 15 70 71 46 1 69 28 5 79 0 87 50 44 72 8 85 65 92 22 29 77 32 66 93 68 74 33 95 63 99 51 27 96 88 82 45 98 80 19 21 91 84 90 16 49 55 36 10 20 64 3 48 43 76 34 12 39 83 7 78 86 14 40 52 94 11 67 6 62 4 42 38 54 37 17 13 61 24 25 35 2 58 59 9 41 18 26 56 89 81 73 57
19 93 34 55 67 3 13 51 30 64 26 45 83 2 70 52 28 72 60 50 18 24 12 68 99 98 54 31 69 92 25 53 73 21 76 10 56 77 39 9 62 97 8 43 85 47 22 87 33 84 71 37 96 1 29 17 48 74 66 95 75 7 89 27 59 91 86 65 79 38 6 61 20 88 32 16 80 49 94 5 35 57 15 82 23 63 90 46 78 40 42 58 44 0 14 41 36 4 11 81
87 39 88 92 13 24 41 2 6 85 14 77 37 25 1 30 17 86 19 61 0 58 82 66 44 33 89 55 4 95 83 71 78 10 31 67 22 38 12 62 97 68 80 65 56 5 53 26 16 52 15 9 28 69 40 36 42 3 35 79 11 59 91 72 51 74 47 94 96 76 84 43 7 93 81 23 57 49 34 99 48 90 64 18 50 46 63 29 73 27 98 21 70 45 8 20 54 60 32 75
43 2 50 9 26 85 71 45 29 1 7 81 51 52 95 64 28 83 32 58 89 80 3 87 31 97 41 88 75 15 21 76 49 16 5 53 20 39 66 30 48 93 0 69 99 55 24 54 27 65 46 61 68 72 35 77 63 79 57 34 37 19 91 70 6 96 18 82 22 8 14 90 17 92 98 12 59 40 67 25 84 13 10 4 33 38 36 47 94 44 23 73 42 86 60 74 78 11 62 56
80 38 25 28 24 79 92 47 71 75 72 62 65 19 77 81 68 70 26 1 63 22 33 69 32 56 61 96 4 42 64 90 59 93 97 55 46 43 2 50 45 3 91 98 48 82 74 76 18 95 29 35 12 44 9 30 37 13 86 67 16 88 23 0 31 5 10 66 53 20 6 94 15 17 39 21 7 58 27 52 57 85 89 84 78 83 73 87 54 49 41 14 99 8 51 60 34 40 11 36
78 35 25 79 52 73 48 70 51 38 62 20 26 98 28 2 87 5 58 6 19 82 55 92 44 69 59 10 7 53 42 21 41 57 27 97 22 68 77 47 95 9 14 66 54 88 60 12 37 84 61 31 0 56 86 36 81 40 45 46 65 34 63 64 8 49 76 67 83 94 33 71 89 30 90 85 13 43 93 80 3 74 72 75 17 15 24 91 11 99 18 29 23 1 50 96 32 39 16 4
27 76 8 31 17 40 53 43 69 21 3 59 18 91 57 94 97 25 86 78 45 68 75 93 66 7 0 6 22 42 55 74 64 50 1 5 14 83 62 15 37 39 70 35 32 99 29 89 85 56 46 71 11 9 49 33 95 10 96 2 58 98 65 82 67 23 51 19 30 88 72 52 41 80 12 34 4 47 54 24 26 77 73 60 20 36 84 61 92 28 13 79 87 48 81 16 63 44 38 90
51 34 79 15 81 66 8 71 76 86 77 68 33 40 16 23 19 49 11 92 90 63 28 96 4 12 99 13 36 47 45 41 7 82 5 24 37 52 32 98 18 70 72 26 35 30 20 10 43 58 39 22 80 54 25 46 48 1 69 84 88 85 31 75 38 93 78 97 55 44 87 50 91 83 9 73 6 89 56 67 42 14 74 2 53 61 0 64 21 27 57 62 94 59 95 60 29 3 65 17
22 26 31 17 78 15 98 35 93 86 75 20 66 44 67 83 96 71 34 89 6 61 2 16 40 57 8 97 58 63 0 99 33 41 27 14 52 1 3 82 55 73 19 38 13 37 62 43 91 59 24 70 42 90 76 49 60 5 77 30 84 94 28 51 69 64 48 50 11 23 18 7 29 21 74 85 87 72 95 80 88 39 25 32 79 81 46 54 36 4 9 53 92 10 47 45 65 12 68 56
35 12 2 77 84 40 78 64 52 87 29 79 15 23 67 45 41 66 22 43 65 42 76 33 13 34 89 26 16 86 9 68 57 7 98 61 99 55 18 48 37 62 83 92 31 39 14 58 97 70 20 27 95 74 59 96 60 47 80 63 49 11 1 19 17 28 88 94 36 4 54 3 69 46 72 71 25 50 81 90 91 6 21 32 75 44 5 53 73 0 8 93 56 30 82 51 10 24 85 38
20 3 93 4 13 62 52 79 24 10 78 59 5 25 33 46 58 71 30 51 90 81 68 1 54 96 31 12 66 18 73 76 45 7 37 26 11 67 57 91 55 23 8 74 64 87 27 48 97 17 21 92 44 60 65 77 85 63 32 2 39 89 36 14 16 69 28 80 42 99 50 35 72 47 61 29 83 98 86 56 0 38 53 22 9 70 75 88 6 95 49 15 84 41 82 34 43 19 40 94
50 16 24 51 67 15 49 18 89 59 6 7 78 4 28 48 91 39 65 85 2 71 40 57 23 34 63 60 77 19 75 5 69 86 93 31 14 98 21 94 82 92 42 22 26 43 96 64 81 25 68 99 66 46 38 61 87 35 90 27 62 10 47 76 70 88 37 56 80 8 95 74 17 12 97 73 44 0 1 83 33 32 53 11 84 54 36 13 55 52 45 9 41 58 29 79 72 3 20 30
24 1 45 25 87 35 41 12 69 90 2 40 47 59 46 30 82 44 98 37 33 36 57 56 72 78 76 91 64 62 74 6 16 60 0 67 80 54 34 5 95 81 31 17 58 51 28 9 68 23 89 29 55 71 43 21 97 86 93 79 22 14 52 65 66 99 3 18 73 15 96 39 19 42 77 84 7 26 49 63 11 27 50 8 53 38 10 13 70 61 94 4 92 88 83 75 48 32 85 20
72 75 45 57 7 9 1 20 85 16 18 81 10 97 64 79 53 73 92 32 49 44 8 91 33 87 62 31 52 22 40 67 41 46 34 13 28 39 65 24 54 59 0 43 29 58 27 15 86 38 4 21 30 70 74 5 71 14 80 95 63 98 37 77 17 50 48 26 3 88 35 69 89 90 84 23 82 19 83 66 47 36 76 42 51 11 55 96 25 12 2 6 93 99 61 68 56 94 60 78
79 2 24 40 46 8 91 48 45 42 78 5 59 47 88 52 21 76 35 94 90 73 1 51 26 3 95 99 44 82 7 54 9 39 41 67 0 25 53 37 18 12 14 58 66 97 10 4 11 38 64 74 72 93 77 62 31 32 85 83 92 50 87 17 63 20 43 22 69 68 57 30 81 23 36 55 28 86 75 60 80 56 84 61 27 34 49 89 65 15 13 33 6 70 71 29 96 16 19 98
0 9 59 12 88 56 58 48 94 89 95 83 49 63 41 23 25 11 19 78 97 44 47 72 28 84 31 99 57 13 14 4 3 74 55 79 8 86 2 92 5 38 22 37 16 27 43 39 10 64 82 33 30 34 93 69 32 85 77 73 81 7 29 66 53 90 71 40 6 70 60 54 80 76 20 24 98 67 96 21 65 50 75 45 1 26 42 17 62 18 61 68 91 87 46 35 51 15 36 52
89 20 83 77 93 67 45 56 97 50 76 46 51 30 66 68 37 44 59 19 17 11 1 39 61 72 9 8 3 25 18 74 0 70 7 73 88 86 24 80 49 52 13 12 98 2 95 21 85 54 65 38 60 32 84 33 43 57 29 48 87 90 14 35 6 26 82 36 81 91 4 42 92 79 62 47 40 58 78 23 99 16 96 27 28 55 10 71 15 22 31 5 94 69 63 53 41 75 64 34
55 65 41 11 15 25 79 48 21 34 94 91 86 52 32 9 24 80 84 50 40 56 44 10 18 66 27 90 26 4 46 20 8 77 36 70 53 37 23 14 74 0 89 69 49 83 42 28 31 39 98 82 93 54 92 16 75 95 19 38 51 72 78 76 85 12 58 33 96 29 30 47 62 61 2 68 5 1 22 88 60 43 87 64 59 3 97 63 35 57 17 99 45 73 67 81 13 6 7 71
43 53 25 30 8 14 33 91 11 7 4 10 6 79 38 44 70 36 94 21 93 57 32 34 24 28 61 63 1 51 9 52 47 20 84 5 83 15 69 65 82 54 72 92 78 88 17 40 68 45 27 50 31 49 67 18 12 46 39 23 19 87 37 73 62 2 56 41 95 48 85 96 0 59 89 81 90 26 97 80 29 99 86 76 58 42 98 64 13 74 75 55 35 60 66 71 3 77 16 22
92 6 99 52 97 71 70 42 77 60 89 49 1 16 23 76 25 59 72 57 50 33 81 86 90 91 12 28 93 5 80 2 54 31 10 87 67 69 46 14 19 17 51 75 39 73 79 13 20 21 47 48 3 18 29 63 85 4 53 58 36 62 88 55 41 61 7 78 34 37 64 22 82 11 56 38 65 24 35 26 83 44 68 98 32 9 0 94 74 95 8 96 40 43 30 84 27 15 45 66
68 86 3 71 40 99 56 66 14 97 2 37 50 19 11 25 80 31 38 87 78 24 39 32 27 89 95 69 96 6 53 33 59 60 41 28 13 17 74 81 0 16 9 4 65 49 62 23 64 79 47 21 70 51 26 10 18 29 46 98 20 94 57 82 15 85 93 55 91 45 73 5 35 34 43 1 8 84 61 88 77 36 75 52 76 7 58 67 83 42 72 63 90 44 54 12 48 22 30 92
16 26 99 91 61 19 9 29 93 42 64 76 98 14 81 20 10 12 85 73 72 60 28 78 75 90 95 56 69 0 80 36 96 8 6 59 67 88 53 82 18 3 94 87 7 57 79 32 11 62 41 63 1 97 31 74 89 49 77 27 2 51 5 17 40 46 68 70 34 23 54 39 35 52 58 84 48 30 33 44 50 4 15 66 43 45 21 92 37 13 71 22 38 86 25 65 83 55 24 47
9 71 2 31 69 77 5 18 94 7 84 78 40 28 20 12 43 85 11 96 16 95 54 62 48 25 79 59 66 35 83 8 68 22 21 1 97 72 73 75 87 56 41 98 6 60 10 34 86 52 32 89 23 70 13 90 0 3 38 50 93 47 4 19 15 30 74 58 51 88 26 17 99 92 80 91 65 29 44 46 14 45 42 67 33 37 82 57 76 39 61 36 64 55 63 49 27 53 24 81
48 74 43 6 45 46 56 8 60 44 67 41 33 13 96 58 23 83 14 82 12 68 35 62 57 85 19 88 30 21 29 3 18 97 38 1 73 77 25 75 91 69 95 76 34 87 61 32 92 37 63 54 79 17 94 10 26 47 55 0 5 16 53 31 78 2 51 24 28 89 27 50 93 40 86 49 64 71 80 66 15 84 39 99 22 9 4 98 7 72 52 42 20 81 70 65 36 90 11 59
95 73 63 28 58 24 37 30 56 15 57 75 54 3 96 22 88 11 94 72 86 21 60 69 84 53 59 31 78 62 92 36 41 67 87 65 13 44 74 76 77 26 1 23 80 35 42 82 81 29 64 5 43 61 51 90 45 47 97 91 46 50 27 2 38 55 4 48 16 25 83 32 98 12 34 6 7 20 14 17 40 70 66 89 18 39 9 0 10 52 8 33 85 71 79 19 49 68 99 93
34 27 37 97 50 40 56 75 21 82 1 58 13 84 12 9 73 19 64 68 20 28 47 11 4 32 43 23 0 85 69 31 57 93 52 48 60 30 6 53 98 94 14 46 62 96 8 15 51 36 39 99 76 45 29 55 7 5 33 35 79 26 92 78 38 95 25 10 18 41 90 65 86 87 89 2 91 63 81 83 70 59 72 74 54 71 67 16 42 66 3 88 17 24 77 22 49 80 61 44
39 10 21 43 14 17 89 20 68 79 90 26 60 5 3 52 92 97 46 71 6 30 93 83 16 80 64 22 98 94 51 63 8 91 59 11 41 58 72 65 96 53 66 19 88 48 25 0 35 99 70 67 32 95 33 27 9 82 85 42 4 31 23 36 74 56 44 13 28 38 69 84 2 54 29 45 1 57 81 55 37 18 47 40 12 73 86 34 76 50 62 7 75 87 77 61 49 78 15 24
52 79 19 30 23 55 46 59 26 60 35 12 91 69 96 22 25 49 0 39 51 72 41 78 90 33 88 4 15 13 65 94 64 37 82 16 20 31 68 8 9 40 87 89 44 34 77 3 48 93 63 56 45 2 58 1 50 57 42 97 28 92 74 47 62 14 17 36 75 43 54 80 38 86 11 76 27 99 32 66 98 18 10 7 61 83 70 71 81 5 29 24 95 84 53 21 6 73 85 67
1 0 7 89 42 19 97 58 76 15 68 60 62 78 91 5 82 51 33 71 99 70 74 56 40 92 53 49 48 46 50 77 85 12 64 83 63 31 13 43 38 45 26 28 6 66 21 87 55 23 35 54 41 80 37 11 69 96 16 81 59 25 93 84 39 95 24 20 75 65 90 67 98 8 32 4 57 36 86 30 79 3 34 14 47 94 9 73 52 18 44 88 2 29 72 22 27 17 10 61
12 62 60 55 53 49 14 65 43 61 97 6 23 78 47 92 44 70 15 34 79 8 64 1 38 85 93 36 46 99 48 73 7 51 56 59 66 25 9 94 29 16 54 30 42 11 86 72 4 87 45 89 96 63 91 71 90 35 52 33 69 67 19 81 32 41 74 75 27 95 83 58 28 80 10 0 39 13 17 20 26 88 57 68 3 82 50 22 18 5 31 21 24 84 77 37 40 76 2 98
100
43 74 5 37 87 33 39 34 15 1 59 13 92 94 11 57 61 68 12 62 53 20 55 67 9 63 4 32 98 60 8 72 29 50 48 21 56 0 93 17 10 7 81 31 26 27 28 69 82 65 66 23 45 25 2 30 79 16 88 96 35 22 64 78 49 40 24 91 76 73 71 3 52 54 70 90 95 47 19 44 80 77 58 86 18 85 75 97 51 89 83 6 99 41 84 42 36 46 38 14
60 86 1 52 24 71 92 17 70 79 43 91 67 73 97 49 5 21 41 28 93 3 94 44 90 9 99 61 26 42 50 20 81 27 4 95 72 45 89 85 74 35 37 76 82 51 54 69 62 38 7 84 18 56 77 33 6 98 22 96 63 40 2 58 13 16 14 34 32 25 31 68 59 80 46 10 39 66 48 78 53 65 64 19 15 57 47 88 55 87 8 75 11 12 23 0 29 83 36 30
97 3 9 60 19 94 34 10 85 73 84 88 15 22 50 55 29 39 42 6 66 65 62 91 47 16 98 71 18 57 59 24 37 75 95 36 41 64 20 1 14 4 2 13 83 92 77 69 61 78 89 8 51 45 31 74 25 48 80 12 0 70 53 81 82 72 67 52 17 30 87 27 32 63 96 56 49 99 7 21 46 35 54 43 40 68 93 86 5 58 11 76 23 44 38 90 79 26 33 28
44 22 79 60 9 25 89 83 59 66 50 12 45 24 81 14 92 54 95 65 2 69 46 72 23 6 40 4 36 64 43 31 77 16 74 84 11 93 76 41 39 38 32 35 34 55 68 42 19 88 5 21 98 57 86 37 53 0 27 47 33 7 61 78 85 17 3 73 56 67 58 52 96 28 30 90 15 18 29 70 8 26 51 63 62 20 49 82 91 1 48 71 75 80 10 13 99 97 94 87
50 83 93 5 27 76 4 0 33 91 78 77 26 75 69 2 55 7 34 89 79 15 88 36 28 11 12 45 94 96 63 92 14 67 42 17 39 53 57 32 1 97 46 20 64 37 21 31 54 84 38 82 29 71 74 80 59 6 3 8 49 35 58 61 56 19 70 99 40 68 10 30 73 51 13 48 9 98 60 18 72 65 22 66 62 87 25 81 86 85 24 47 90 23 44 41 52 43 95 16
20 72 9 65 67 44 21 18 63 83 15 19 1 95 91 80 84 62 93 46 26 7 75 37 34 58 99 10 35 61 6 59 64 89 97 82 55 86 53 71 94 51 85 69 50 41 39 12 36 27 92 68 40 22 74 57 0 78 38 11 24 25 49 30 32 16 79 77 56 23 42 52 3 5 60 48 2 98 54 31 43 28 29 14 88 87 17 47 8 76 66 13 96 33 90 70 81 73 45 4
71 55 33 95 39 41 85 50 72 96 3 62 69 35 46 17 10 76 42 38 91 8 26 57 1 54 21 70 81 20 79 24 44 48 27 59 94 19 49 52 36 60 65 86 78 31 83 61 11 28 12 51 6 58 37 18 84 63 22 29 15 67 14 90 2 40 98 25 34 30 45 56 47 75 89 64 92 9 53 73 82 13 23 4 88 97 32 77 68 66 93 80 5 99 7 87 43 0 74 16
36 90 86 50 74 34 51 98 3 89 78 23 29 77 14 15 97 1 9 39 88 61 38 64 41 71 40 46 59 69 82 85 53 10 44 94 92 49 58 19 63 12 48 6 57 18 16 8 32 27 25 81 91 33 79 84 83 5 60 42 26 96 67 54 75 37 35 43 13 24 68 45 62 17 30 20 55 87 93 11 76 52 28 66 70 7 73 31 47 65 0 99 72 95 56 22 21 2 4 80
19 83 53 10 3 54 72 84 60 59 88 32 89 49 70 18 37 78 57 69 38 30 11 52 28 48 42 13 66 75 98 21 6 8 14 7 55 44 33 74 67 41 25 1 45 12 56 34 36 0 20 77 4 47 99 46 31 71 94 76 43 15 85 93 39 63 17 95 92 79 97 68 82 2 22 24 81 96 91 40 51 50 9 87 27 90 16 58 65 86 23 64 61 5 35 29 26 80 73 62
28 53 21 78 1 26 86 99 62 33 13 3 97 30 82 92 25 87 70 74 59 83 31 98 88 94 96 91 57 61 75 35 58 63 32 68 12 85 48 0 95 77 38 67 2 71 41 4 9 55 44 10 50 34 65 76 8 24 66 69 6 79 39 73 16 37 81 84 19 17 36 11 23 43 72 49 60 5 27 18 52 22 14 51 93 45 56 54 80 15 90 89 29 20 47 46 64 42 40 7
77 29 64 48 47 53 69 98 59 1 13 10 58 84 16 36 81 65 97 17 94 8 24 19 20 74 79 89 23 40 67 72 63 80 32 46 96 66 0 52 31 5 12 25 71 38 55 70 39 41 62 78 4 33 21 2 54 45 15 87 7 43 83 37 51 9 68 42 85 88 57 61 18 22 60 3 56 82 76 90 50 11 75 73 34 86 30 14 6 27 49 99 93 28 95 92 44 26 35 91
7 24 29 76 49 5 66 22 17 56 69 67 85 36 51 94 43 58 62 74 72 77 39 26 23 86 11 65 41 55 89 9 37 50 12 54 40 27 80 61 31 38 70 88 48 53 18 68 99 19 4 84 73 98 71 21 95 57 75 15 35 45 14 34 79 83 64 46 10 81 1 90 16 59 60 44 96 13 52 32 8 47 82 25 78 3 91 42 63 28 92 6 87 33 0 30 20 2 97 93
44 26 72 82 25 49 39 35 32 38 29 6 64 11 19 50 41 83 36 71 46 81 1 27 24 98 68 99 9 59 18 84 57 0 42 93 89 37 85 31 62 65 75 87 94 3 60 22 48 45 33 97 13 10 92 51 76 5 67 79 34 15 63 88 2 95 90 16 56 91 54 20 4 69 12 77 8 14 78 47 53 28 23 80 58 73 70 55 30 74 40 66 17 7 43 61 86 96 52 21
3 27 66 1 97 32 38 61 72 56 57 74 73 76 93 68 23 83 91 63 49 86 13 48 2 29 22 55 95 60 26 89 5 59 85 75 7 50 31 64 39 70 43 94 92 4 37 44 25 77 41 15 34 21 53 24 71 46 69 10 9 18 80 87 81 12 8 33 28 78 16 19 82 96 11 35 52 20 84 36 62 0 6 79 98 42 88 17 30 90 99 45 51 47 54 65 67 58 40 14
16 58 78 93 87 6 75 21 56 3 46 85 50 34 14 92 65 88 54 32 55 11 64 41 74 97 73 9 61 80 28 91 39 12 68 51 19 99 70 49 25 0 67 24 76 26 29 22 69 79 2 95 23 82 15 72 8 43 5 77 62 60 44 33 42 37 94 86 81 83 52 90 45 98 57 13 20 36 96 4 1 84 27 89 63 48 66 38 18 40 71 7 35 30 17 31 47 10 59 53
80 38 26 57 20 16 79 24 84 15 6 56 58 99 5 68 34 86 88 72 55 81 82 66 64 91 36 90 71 37 25 61 39 40 23 85 30 28 83 54 18 21 67 98 27 3 63 69 50 87 52 65 78 46 93 96 59 73 19 92 95 53 4 47 32 76 35 12 89 60 1 14 8 51 77 48 49 10 22 33 13 75 94 0 2 31 42 11 70 43 97 17 44 62 74 41 45 29 9 7
48 41 57 87 56 88 96 63 5 42 4 91 6 89 44 21 33 19 27 66 34 78 76 62 17 92 49 73 16 61 70 26 50 97 75 10 98 93 40 71 9 86 64 2 54 79 11 47 14 55 65 67 59 68 81 95 18 0 29 58 23 72 31 60 13 39 69 37 7 84 22 38 85 15 43 80 94 1 20 46 99 12 30 28 35 36 53 74 52 25 3 45 32 83 82 8 51 77 90 24
8 16 88 74 70 4 31 90 80 14 15 24 83 6 63 11 26 41 35 66 32 91 7 60 96 37 27 53 44 94 56 18 25 71 51 3 36 47 48 75 99 85 50 72 33 22 97 39 9 78 57 67 76 89 86 58 43 42 19 81 23 52 69 2 93 29 5 49 61 68 12 17 92 30 62 21 79 87 77 20 40 59 84 54 82 73 10 38 45 64 46 34 55 95 65 98 0 1 13 28
30 9 11 53 71 83 94 92 50 70 18 3 44 46 84 21 16 35 55 89 82 68 17 42 93 45 40 27 10 88 33 61 31 58 65 47 41 79 38 91 59 95 32 34 8 22 80 51 4 90 26 96 12 67 0 86 77 28 85 43 99 56 24 36 78 98 1 60 69 48 52 23 97 49 64 2 39 15 7 62 5 66 19 25 29 81 72 57 54 6 75 63 76 74 13 73 37 14 20 87
27 59 94 55 31 65 70 15 62 38 57 26 63 58 41 50 40 96 2 11 82 93 42 49 68 81 51 29 85 10 36 44 43 78 6 39 56 0 61 34 84 95 98 90 99 46 75 7 3 37 80 14 20 23 69 77 53 91 35 16 52 83 24 17 32 4 87 89 1 22 60 54 48 76 13 33 88 67 30 47 8 9 72 79 45 86 19 12 71 28 97 18 92 74 66 25 64 21 5 73
12 96 49 17 71 74 81 72 13 27 36 41 58 34 15 19 83 1 69 44 84 14 80 5 39 42 75 79 63 47 97 54 50 46 91 48 82 90 55 24 68 21 53 10 37 11 98 77 31 59 3 67 32 43 16 7 23 33 18 85 94 4 66 73 99 2 65 9 78 56 93 95 20 35 57 87 60 8 45 22 51 64 52 88 61 28 40 25 89 76 30 0 70 6 29 92 38 62 86 26
91 93 22 20 25 68 32 81 24 83 47 42 7 40 96 73 76 86 13 63 33 14 69 64 37 5 70 26 80 11 17 4 71 77 0 12 27 48 65 58 84 43 51 60 55 56 45 16 44 75 90 50 18 52 99 79 54 10 8 95 29 39 74 3 38 9 35 94 21 19 61 6 72 67 49 23 30 41 92 97 87 98 78 2 82 59 66 53 34 31 89 88 15 28 36 46 57 62 1 85
72 83 86 77 65 12 73 51 96 68 20 69 74 59 52 9 99 94 38 6 33 34 8 43 57 67 14 91 27 46 39 89 4 44 55 36 23 81 61 70 98 28 87 63 78 1 3 93 49 64 16 35 21 88 54 41 76 80 53 56 82 0 26 18 90 5 48 84 62 71 60 75 31 19 42 92 7 25 45 29 11 47 37 22 50 24 40 79 97 17 66 15 58 13 32 30 10 2 95 85
11 96 50 15 66 35 68 59 12 69 17 49 23 2 61 33 24 81 0 98 27 54 76 25 83 10 48 44 80 21 39 53 88 16 62 99 41 32 72 64 5 42 20 1 14 90 78 4 73 37 28 26 77 19 52 94 89 22 93 97 95 58 30 65 34 79 7 63 87 85 74 92 45 46 8 86 57 47 18 29 43 71 31 40 56 75 84 55 82 6 13 91 67 38 60 36 70 51 9 3
84 59 67 21 15 43 70 56 97 10 7 40 91 20 16 46 34 22 9 50 44 98 47 74 4 17 81 62 95 3 6 82 25 65 5 19 87 45 86 90 68 58 57 23 28 14 78 42 99 54 53 36 39 71 72 26 60 96 12 69 92 31 64 30 27 88 35 77 76 11 8 94 85 13 0 61 37 93 63 49 79 38 51 32 66 24 55 33 2 1 89 41 83 75 80 29 73 52 48 18
17 24 16 63 66 75 94 86 78 81 52 76 62 85 35 6 0 15 70 26 83 40 69 5 65 73 71 47 2 67 51 42 97 99 60 74 41 84 36 79 93 43 25 9 30 61 91 72 23 1 37 56 21 20 77 33 48 27 64 68 3 29 44 39 28 98 80 89 87 38 7 59 13 49 55 32 96 50 11 95 34 82 57 54 8 12 53 10 31 58 92 45 88 19 4 18 90 22 46 14
56 1 58 59 62 32 83 28 43 36 92 64 40 89 22 93 69 0 46 2 68 65 25 37 6 17 16 66 5 23 67 21 11 4 72 82 98 26 91 8 30 9 76 94 90 48 38 14 24 49 97 70 85 7 52 61 73 63 80 99 45 44 88 12 95 31 96 10 39 77 53 51 18 55 20 75 79 47 84 27 78 19 29 74 87 3 41 33 35 34 50 57 81 86 71 15 42 60 54 13
3 78 95 53 12 86 41 63 20 84 87 6 61 37 39 21 71 8 62 31 94 49 50 30 64 36 97 42 59 22 65 4 0 23 72 40 68 19 15 89 69 16 93 14 66 56 98 33 26 54 48 60 28 2 92 17 25 7 9 88 18 74 34 47 51 27 90 29 32 99 82 67 96 10 81 45 24 55 46 5 75 52 85 91 38 80 73 77 76 44 11 83 1 35 43 70 58 79 13 57
74 42 53 36 66 39 96 86 60 55 98 19 38 41 46 26 79 31 25 59 8 16 80 70 87 48 23 14 95 13 81 1 77 24 88 99 43 83 11 85 12 7 90 52 84 17 0 54 18 72 63 73 92 82 50 56 76 40 97 49 94 61 51 91 29 30 6 10 35 22 69 28 21 3 4 27 64 68 9 57 32 45 62 37 65 34 89 78 93 15 47 20 33 5 2 58 71 75 67 44
8 64 62 19 52 47 94 87 86 83 2 65 28 95 22 18 97 1 30 54 16 55 35 21 84 58 31 59 6 29 9 10 23 82 33 56 12 39 72 69 48 49 93 79 78 27 13 20 99 11 92 14 45 5 67 81 40 66 74 41 32 36 53 25 61 90 15 73 80 43 51 38 68 50 89 76 77 46 7 63 37 44 24 17 70 26 0 3 98 88 60 85 91 96 34 42 57 4 75 71
36 19 97 13 77 23 28 44 61 16 14 78 68 79 99 38 69 39 46 35 51 66 0 72 83 59 48 15 71 67 87 96 41 60 2 43 17 62 75 80 98 53 94 11 84 91 93 7 52 65 50 85 9 63 76 20 24 54 57 4 10 70 74 42 86 1 58 90 88 22 33 29 25 45 5 73 30 64 81 6 31 92 32 21 12 89 8 27 47 26 40 56 18 49 82 55 34 95 37 3
35 85 44 73 9 48 90 20 76 84 28 65 63 75 97 38 64 77 74 16 86 49 33 50 92 29 81 3 71 94 7 43 57 31 72 93 96 34 99 53 36 18 32 79 8 51 68 40 22 58 10 54 67 70 13 83 95 26 21 56 17 52 37 0 11 46 82 39 14 25 1 24 87 12 4 15 2 88 80 19 62 23 89 27 55 69 30 45 41 5 59 98 78 47 66 91 6 61 42 60
89 98 25 2 78 52 13 51 26 85 18 15 23 42 90 48 22 99 81 4 87 92 77 82 17 35 28 27 44 45 24 86 84 8 7 95 16 32 94 56 11 10 21 80 12 59 69 70 68 33 29 36 41 43 38 60 55 75 31 66 58 62 0 64 39 67 76 54 37 3 71 34 30 50 19 5 63 74 57 88 97 61 83 1 46 65 9 6 53 93 96 14 91 47 73 40 20 79 49 72
11 20 15 57 89 69 0 74 55 22 60 19 46 47 6 30 76 44 51 59 71 29 48 34 99 77 67 21 32 12 87 88 97 18 5 17 16 92 66 72 86 78 83 91 64 80 37 28 45 90 56 50 10 73 25 2 63 13 27 31 70 75 9 7 42 85 26 8 43 49 39 58 93 3 54 14 79 96 4 82 23 24 65 62 81 40 68 53 95 1 33 35 38 98 94 52 41 84 36 61
19 50 68 53 29 48 92 72 16 39 67 54 52 84 45 91 15 77 20 3 12 2 94 86 26 90 7 10 51 47 11 89 82 93 22 6 13 70 62 17 97 14 76 75 98 4 35 37 31 42 30 43 9 0 40 71 88 64 28 80 49 25 96 24 5 99 60 32 21 61 33 83 41 23 78 95 58 87 66 36 79 69 38 55 65 57 81 1 44 63 56 73 59 85 74 8 27 34 18 46
98 80 69 7 11 21 88 49 71 30 53 14 18 72 77 61 43 76 3 4 93 2 23 39 12 60 99 1 57 9 44 59 75 66 48 37 51 6 34 82 42 45 55 63 29 86 46 85 15 78 81 95 13 35 32 33 79 27 67 52 47 50 92 40 65 54 5 58 91 84 36 56 94 28 74 83 22 87 19 90 10 16 41 64 96 8 62 89 38 70 24 26 68 97 17 0 25 73 20 31
23 37 31 87 97 7 72 95 14 57 91 99 61 55 38 39 20 5 68 71 60 43 62 79 59 75 83 15 67 49 89 82 85 93 76 24 11 58 4 50 13 0 63 47 80 98 94 64 28 65 44 69 10 77 73 51 12 21 81 56 8 53 92 86 40 88 74 9 32 18 66 45 48 33 78 25 22 70 35 17 34 54 96 29 36 26 19 1 27 84 46 52 2 41 30 42 3 6 16 90
27 93 57 62 15 52 7 66 89 88 68 21 82 36 39 76 49 44 23 31 10 70 41 9 25 42 6 4 74 86 18 14 48 81 53 71 29 92 78 94 50 87 37 91 13 8 72 98 20 56 75 73 59 55 51 64 24 79 19 1 22 47 97 32 99 34 3 46 77 26 90 85 65 5 63 96 17 35 28 45 84 80 83 12 67 54 58 30 2 11 69 0 16 61 40 60 43 38 33 95
78 6 46 27 12 72 43 91 34 29 30 96 9 58 64 15 95 3 11 48 70 17 33 90 80 85 16 14 86 59 31 71 99 98 5 36 18 8 49 63 75 62 52 1 74 21 32 51 47 57 38 41 54 83 26 19 92 73 84 24 44 77 87 76 93 2 13 37 69 97 94 55 88 56 89 66 61 22 79 81 50 35 65 68 67 25 28 0 4 39 82 20 23 42 7 60 10 40 45 53
89 12 92 70 35 91 81 82 21 24 26 71 19 60 28 83 58 47 32 57 76 73 8 51 59 63 53 29 22 77 37 75 14 6 66 36 16 38 30 69 62 94 87 20 98 33 86 99 11 54 3 42 40 85 72 74 27 84 9 55 56 10 88 79 52 17 45 65 18 0 61 23 5 97 46 50 7 67 2 95 48 43 49 13 15 1 41 93 34 31 64 78 25 68 90 39 96 80 44 4
14 38 16 35 22 30 92 36 89 95 94 40 65 47 5 4 19 70 10 27 79 9 15 12 45 91 74 83 42 23 11 8 64 59 51 69 58 32 80 72 57 67 93 25 78 0 90 99 53 29 28 86 44 37 41 20 85 68 6 2 46 73 97 39 34 62 88 31 49 43 26 76 63 71 54 87 96 60 82 21 7 50 48 77 52 84 61 1 66 13 24 98 81 56 33 55 75 18 3 17
1 28 15 74 4 76 91 37 35 83 94 23 27 78 9 5 0 99 31 21 96 13 29 3 70 72 12 87 65 48 26 75 56 77 16 10 45 67 80 43 59 54 88 93 82 17 11 49 44 32 7 50 68 51 22 64 25 73 57 53 95 97 46 60 58 85 98 89 69 14 20 41 90 42 38 79 39 24 63 71 36 61 2 30 62 18 84 55 34 86 47 52 81 8 40 33 19 66 6 92
20 5 59 40 63 34 72 30 37 74 84 7 55 61 41 95 69 16 82 87 24 29 92 39 62 83 42 98 75 9 3 70 80 23 38 71 60 52 44 4 48 47 58 54 22 32 33 14 64 99 85 51 66 86 65 49 76 96 50 28 81 6 90 12 67 15 93 10 46 25 11 56 77 97 26 43 21 18 78 53 1 94 8 27 73 36 89 79 0 17 45 91 68 19 2 13 88 57 35 31
33 89 28 83 4 53 77 5 84 1 26 65 15 96 41 62 51 34 31 23 46 21 52 6 86 29 44 91 75 47 38 42 25 40 70 49 12 22 68 74 57 92 81 99 58 35 55 98 18 2 61 10 30 69 64 78 27 50 67 59 17 56 20 88 94 14 32 82 45 16 80 37 8 76 7 48 72 71 90 9 87 54 97 11 0 95 63 24 79 3 60 85 39 19 36 93 73 13 43 66
5 34 32 97 14 56 36 0 77 73 17 20 55 8 38 23 94 21 74 63 70 67 50 16 83 95 69 68 66 3 53 15 9 80 33 65 91 81 12 40 61 28 1 27 41 90 35 26 45 85 24 25 6 79 75 4 93 11 42 92 89 44 57 96 59 86 7 64 19 72 47 30 22 18 49 58 37 54 43 52 13 84 62 39 87 48 46 98 71 51 2 76 82 31 29 88 10 60 99 78
96 41 21 42 82 56 79 97 27 75 84 49 14 90 48 32 38 61 46 34 36 68 25 50 9 10 30 55 18 47 93 62 16 57 83 22 13 72 17 73 43 5 77 86 59 70 92 26 95 87 52 78 45 19 3 80 24 40 12 91 39 81 98 89 85 29 2 67 88 44 53 94 51 7 99 33 1 74 11 15 66 54 0 63 4 6 20 37 31 23 69 28 58 64 71 35 60 65 76 8
20 89 57 83 82 33 69 17 39 77 3 42 12 95 92 31 9 99 67 79 27 63 24 37 46 88 70 26 18 56 61 13 40 51 64 44 32 1 22 74 80 62 41 6 38 16 52 59 87 11 4 90 30 97 72 8 43 21 14 50 96 71 7 98 48 10 25 85 54 36 66 91 47 60 5 76 86 75 34 53 19 94 29 0 73 28 55 35 68 78 93 65 15 45 58 2 81 84 49 23
12 46 24 19 97 17 48 95 54 73 51 49 9 88 87 72 91 57 45 71 67 31 32 34 20 93 85 8 65 64 53 84 77 76 18 0 14 75 81 38 61 16 29 63 37 99 83 47 13 11 89 82 22 15 42 28 94 78 74 2 5 79 6 98 40 44 33 68 86 35 4 36 60 80 62 7 3 41 59 27 26 96 55 69 1 21 92 70 25 39 56 58 43 66 90 23 50 10 52 30
94 27 71 84 44 46 82 53 23 32 66 69 8 74 73 28 76 10 59 20 99 65 62 12 13 30 67 51 70 22 17 33 63 5 6 93 77 35 55 24 42 3 85 38 15 9 54 80 86 83 87 64 48 31 14 4 41 88 50 37 92 96 60 7 0 43 11 52 39 95 29 81 78 98 36 2 79 97 61 57 49 89 56 34 68 16 47 26 75 21 90 19 18 58 91 72 1 25 40 45
68 31 95 30 60 7 81 80 50 93 29 48 43 17 37 25 23 56 97 32 41 78 27 49 15 8 84 91 53 2 45 75 57 83 72 86 88 47 79 52 89 77 33 90 51 3 4 0 55 42 59 19 14 22 64 10 94 24 65 39 34 87 20 28 67 82 54 63 36 35 1 69 38 74 44 73 62 99 18 71 92 40 96 61 12 16 46 70 58 66 21 9 76 26 98 11 6 85 5 13
46 66 2 4 96 60 53 8 82 23 32 40 7 78 90 38 68 76 79 71 91 31 10 26 42 92 15 97 83 25 89 18 51 0 94 62 30 55 75 56 64 58 34 69 61 22 98 43 72 48 81 74 70 57 49 21 80 28 14 77 44 11 9 85 12 47 99 35 13 3 5 86 36 73 41 16 88 17 37 84 29 50 6 95 39 63 65 67 54 33 59 45 93 19 87 1 24 20 52 27
99 71 91 38 28 89 10 11 42 2 57 96 6 35 53 66 84 65 16 37 73 69 14 70 92 95 86 79 41 52 49 93 40 47 3 21 82 4 20 8 72 12 76 59 18 54 34 60 0 80 7 31 36 1 48 27 5 39 33 85 25 62 88 77 32 50 51 13 67 94 74 29 63 64 45 81 43 30 46 44 58 23 78 97 75 9 83 98 17 26 90 87 55 68 15 56 61 22 24 19
77 25 64 3 68 84 39 8 91 81 78 42 65 94 16 34 72 41 57 33 58 11 12 52 32 31 38 22 99 95 56 47 69 93 40 90 44 28 51 1 48 88 66 98 24 45 35 96 82 97 26 19 0 37 80 83 7 18 86 36 63 89 27 53 49 71 13 29 61 43 15 6 17 46 85 92 5 62 30 4 23 50 21 20 14 70 87 55 59 60 73 10 67 2 74 76 79 54 9 75
90 70 2 52 81 26 78 60 24 98 62 12 40 61 31 1 32 92 3 46 11 29 53 43 88 71 51 86 33 75 41 89 94 15 84 50 6 10 44 85 16 59 18 80 79 76 93 87 34 22 0 95 65 72 38 99 13 45 66 73 17 69 23 58 54 37 49 82 8 30 36 19 14 27 7 5 63 9 20 55 91 25 39 97 21 56 83 48 35 68 47 77 67 42 57 64 4 74 28 96
84 30 68 71 47 20 73 78 27 26 0 31 16 18 80 94 59 37 62 38 32 64 36 7 61 24 41 65 9 77 86 60 66 74 23 63 49 17 98 6 35 29 88 85 4 5 19 28 79 34 8 46 48 93 51 15 75 40 90 55 53 33 67 83 52 82 1 81 45 54 99 97 87 57 44 43 2 14 3 50 58 25 42 21 76 11 69 12 89 10 70 91 22 92 39 95 96 56 72 13
85 54 23 27 84 96 5 11 79 9 46 51 3 90 39 14 88 19 65 33 24 91 52 45 61 13 95 71 28 87 59 73 15 58 67 18 37 55 74 49 50 99 80 68 25 29 38 63 31 36 20 43 44 60 40 17 10 93 77 41 56 2 16 32 94 26 72 69 75 22 76 30 48 35 47 12 66 89 78 98 42 1 81 57 86 21 92 7 34 70 83 4 62 64 0 97 82 6 53 8
42 5 21 12 58 39 69 11 88 31 32 49 10 94 73 78 18 52 46 59 23 28 26 95 45 93 85 24 16 87 68 34 0 66 53 80 48 63 1 91 33 9 47 98 67 36 96 92 51 90 74 30 35 97 43 50 27 25 99 40 19 7 3 38 71 79 57 54 61 75 83 41 29 55 56 64 6 13 76 22 4 37 15 77 44 20 8 60 65 86 84 17 89 82 62 81 14 70 72 2
11 97 66 35 70 83 6 49 41 75 23 58 38 64 76 59 19 94 68 4 62 99 10 32 46 87 31 34 98 17 48 25 69 30 8 3 13 96 55 0 16 67 39 53 63 12 88 92 29 65 78 82 43 60 71 61 54 27 51 80 9 33 73 72 86 18 85 20 28 26 37 21 52 7 1 57 44 40 42 14 93 81 22 45 47 2 5 24 84 15 77 50 79 56 95 36 89 74 91 90
56 33 89 54 88 62 94 83 70 22 91 44 48 11 12 77 1 81 92 52 2 55 69 23 36 43 98 97 21 0 41 8 75 46 39 49 95 66 5 9 3 63 42 78 53 10 37 27 65 7 76 71 38 31 60 93 73 99 61 90 86 79 4 64 15 6 68 25 87 35 34 20 96 45 74 50 82 17 84 67 57 24 80 47 28 13 32 30 72 59 40 19 16 85 58 26 29 14 51 18
97 67 53 80 47 86 92 18 95 91 5 75 10 12 94 15 36 25 72 46 2 20 1 49 22 6 30 9 28 57 96 52 48 26 63 69 81 73 44 43 19 23 3 55 90 61 93 7 0 78 84 11 42 24 98 60 40 64 21 51 82 59 77 68 71 85 74 45 89 34 79 8 88 41 4 50 66 99 29 87 38 35 16 32 54 65 37 83 70 33 76 14 13 39 31 27 58 17 62 56
22 51 54 34 28 32 27 35 13 76 64 57 30 16 41 95 1 38 29 93 79 88 39 83 89 6 10 37 50 17 65 26 84 82 33 92 70 75 87 91 80 66 12 8 7 23 47 78 55 90 40 46 58 49 59 25 44 4 98 14 42 61 73 77 60 71 86 21 68 81 94 3 53 72 20 0 15 63 36 85 11 67 48 2 9 5 62 24 69 74 31 43 19 96 56 99 52 97 18 45
86 57 52 13 81 82 19 42 88 74 62 36 2 68 53 30 80 5 34 46 45 71 65 1 22 63 84 89 18 11 17 98 76 0 49 69 24 93 28 35 72 95 37 38 33 96 27 75 99 44 85 21 47 67 31 3 8 7 78 25 4 61 14 43 9 77 90 10 12 66 23 83 64 73 26 6 41 15 60 51 59 48 39 50 56 91 16 70 55 54 92 32 87 58 20 79 40 29 94 97
46 60 56 95 52 77 69 26 59 1 34 58 39 4 9 73 99 8 94 72 13 82 93 35 24 0 85 48 68 53 38 55 14 31 7 18 28 17 74 70 19 57 41 22 71 61 6 92 75 42 3 62 90 80 44 67 81 86 84 88 89 5 21 12 30 91 76 54 78 66 97 11 47 2 33 51 49 96 16 36 63 50 87 40 43 79 65 98 25 15 83 27 64 29 23 45 20 10 32 37
3 29 47 58 93 24 28 12 59 27 95 9 75 69 89 87 7 37 98 10 77 57 43 63 52 62 35 71 17 81 45 22 1 91 84 6 18 34 56 49 64 21 38 97 8 25 13 60 32 67 55 31 80 41 11 50 94 72 26 20 78 99 0 33 48 2 16 23 92 40 86 83 79 51 96 5 14 88 85 73 15 76 53 68 54 39 46 82 66 19 70 44 4 90 74 42 61 36 30 65
33 50 72 16 44 48 96 77 19 91 17 25 76 67 43 29 10 0 12 13 2 4 40 1 71 84 26 69 47 78 85 21 46 52 18 24 45 9 93 37 51 53 80 97 60 31 55 35 42 64 81 68 27 82 39 14 74 7 8 30 63 86 54 6 62 28 94 3 59 92 5 23 88 70 98 15 66 41 95 99 11 56 57 89 61 34 83 65 36 20 79 90 58 32 87 49 75 73 38 22
33 34 86 96 88 43 15 30 20 60 53 84 89 21 12 17 49 87 47 3 79 32 74 1 73 9 39 72 28 81 93 85 56 99 78 75 57 27 48 65 25 70 52 55 80 37 61 64 54 50 90 51 10 35 31 4 67 44 94 24 98 68 22 0 58 91 5 2 19 92 83 6 69 29 23 66 41 14 46 76 18 95 16 97 40 62 7 13 45 71 36 63 77 82 11 26 42 59 8 38
32 40 69 98 42 48 5 26 53 16 66 86 30 3 1 92 94 81 71 45 70 99 27 18 31 50 33 96 24 21 55 12 13 15 8 61 10 62 89 4 14 80 11 22 35 38 39 2 57 67 60 58 34 9 46 47 28 52 91 6 68 49 54 83 85 79 59 0 75 77 73 19 97 20 41 44 95 88 63 17 93 84 90 51 64 78 65 56 23 72 82 29 25 37 43 74 7 76 36 87
37 32 50 92 47 28 58 21 75 36 91 13 31 64 20 53 66 80 54 8 24 85 6 34 25 57 3 48 90 56 99 18 94 67 42 11 69 0 78 41 33 52 77 26 39 98 62 68 27 55 35 61 23 60 17 40 14 30 2 29 10 15 82 9 4 51 43 45 65 71 44 81 63 5 7 79 38 93 49 76 16 89 74 59 95 88 46 86 1 97 70 83 12 84 19 96 73 87 72 22
12 17 48 7 75 42 16 10 44 89 2 1 91 64 70 8 27 18 38 79 49 63 78 20 46 21 43 74 25 86 3 93 24 45 82 90 51 67 98 77 71 6 33 65 83 53 5 4 58 96 52 30 85 34 37 15 47 92 50 11 31 95 14 0 99 73 81 23 68 88 59 22 62 69 35 76 55 29 26 66 72 97 41 40 56 39 32 87 36 13 80 61 94 54 84 28 60 9 57 19
26 13 7 78 8 6 1 16 14 66 91 54 56 46 53 83 10 85 17 65 84 75 87 96 5 15 12 30 47 36 43 58 79 68 49 24 42 18 82 21 20 55 22 89 35 93 62 39 81 67 23 77 59 45 11 86 25 40 29 73 57 74 31 38 19 76 3 69 90 70 32 48 9 52 88 27 99 33 95 28 72 37 80 60 34 4 98 41 51 97 61 92 71 0 44 63 94 64 50 2
58 7 19 42 43 53 72 22 61 4 20 35 41 66 83 57 30 75 33 29 2 93 95 6 49 14 82 40 99 51 60 17 34 9 80 88 85 46 63 74 92 84 1 12 21 94 91 48 11 38 76 15 70 0 13 25 71 78 32 67 37 73 64 50 44 52 26 8 18 24 89 45 96 27 81 39 23 79 90 59 3 97 68 62 98 54 87 56 47 16 77 86 65 10 36 5 31 28 55 69
5 47 34 80 16 17 50 75 60 97 1 23 93 63 25 3 28 43 18 91 0 74 36 59 46 8 39 72 21 67 22 52 57 61 71 55 98 88 73 96 37 40 65 35 31 41 9 95 12 68 81 84 78 69 66 76 13 15 85 51 27 6 2 33 64 90 58 7 70 48 82 26 38 77 24 83 44 20 32 62 30 56 99 92 45 42 4 11 49 87 86 94 54 53 10 14 79 89 29 19
90 55 93 13 65 79 66 63 89 40 43 11 52 97 5 80 1 99 0 74 22 35 36 28 77 46 7 50 24 3 71 84 61 29 23 54 38 16 26 17 32 85 94 45 87 49 2 30 12 83 91 56 42 14 76 19 67 47 58 27 25 98 75 92 59 86 10 20 60 70 88 33 96 9 4 62 18 72 34 64 51 21 6 53 39 48 78 57 37 41 31 15 95 81 73 69 68 82 8 44
60 95 14 81 67 5 11 66 36 44 40 15 76 55 59 53 21 87 52 47 70 91 62 61 17 30 38 48 24 26 65 42 0 35 39 16 69 20 74 50 99 78 37 58 73 28 83 23 64 77 19 25 18 1 32 31 49 45 57 68 75 12 2 94 93 10 80 86 72 9 63 79 51 8 6 96 56 97 3 7 46 33 90 85 29 34 84 89 82 27 88 54 22 4 43 98 13 41 71 92
11 78 86 44 6 32 0 8 10 46 21 63 75 3 88 82 73 66 45 89 17 36 60 15 92 29 85 81 79 1 43 14 35 80 69 19 40 76 72 18 27 30 87 65 67 99 71 97 22 93 4 68 38 48 31 5 83 34 28 51 61 26 52 25 57 16 24 50 49 55 74 13 39 20 47 23 56 90 91 37 64 62 2 42 84 58 41 70 59 77 95 96 33 53 94 98 12 9 54 7
73 57 66 40 32 78 39 62 92 18 96 82 11 58 45 86 51 99 81 93 6 10 36 37 74 22 26 97 61 8 47 95 7 3 91 4 20 16 35 88 89 42 71 77 46 2 17 50 68 33 80 12 19 41 53 30 60 28 24 54 84 70 29 55 38 25 64 83 79 90 75 34 0 72 1 44 13 52 94 9 43 85 65 15 14 67 59 49 5 21 48 69 31 87 98 23 63 76 56 27
30 45 54 20 80 71 17 67 72 29 50 48 58 69 74 38 94 12 16 37 23 13 21 11 79 99 93 76 14 1 27 44 84 26 5 83 97 52 87 40 35 33 61 0 4 19 2 92 86 43 64 89 49 51 88 66 68 62 46 96 70 32 85 39 73 31 36 82 3 63 10 28 9 22 59 42 75 57 6 95 47 60 98 34 56 55 25 7 53 15 8 65 91 81 24 41 78 77 90 18
14 26 68 79 56 25 82 59 30 80 11 18 91 31 70 24 2 71 86 21 7 66 72 17 10 75 8 77 53 32 96 50 33 41 65 13 81 16 97 35 95 85 58 93 4 5 64 1 19 94 92 9 78 55 47 73 44 83 84 0 99 62 74 60 27 42 88 61 29 67 43 6 63 69 38 90 45 15 48 34 76 51 40 57 3 52 54 37 20 12 89 36 28 39 98 49 22 23 87 46
23 55 72 54 18 69 22 88 3 14 91 63 24 76 56 85 9 75 17 71 92 48 74 26 45 89 51 53 16 38 35 25 70 87 10 52 59 86 98 81 27 11 33 66 12 0 37 93 44 79 29 40 28 96 7 73 20 43 30 49 2 60 36 64 61 90 21 97 68 8 46 5 84 32 15 1 67 82 50 62 4 19 41 77 34 78 65 31 57 39 95 13 83 58 6 99 94 42 47 80
57 1 56 87 2 98 20 21 72 90 60 62 73 17 68 36 82 81 51 14 32 8 33 25 29 27 40 79 3 80 71 11 92 23 7 18 76 15 94 75 70 84 12 48 4 31 37 49 91 39 83 35 89 28 43 64 47 61 74 95 45 66 9 50 59 58 26 16 24 53 6 55 30 99 38 46 41 0 97 63 88 67 69 13 77 22 86 10 85 52 65 19 5 78 93 54 42 34 96 44
54 94 56 2 33 49 87 73 9 85 84 8 28 3 91 11 51 75 27 41 53 35 58 55 42 78 96 86 63 26 79 81 95 76 38 90 47 80 32 92 52 10 70 98 46 66 67 4 93 6 1 64 14 45 69 12 60 88 19 65 34 18 39 17 21 13 16 59 23 40 74 36 48 31 22 61 0 83 5 62 77 68 43 99 15 37 24 89 20 71 44 72 57 50 25 7 82 97 30 29
79 68 55 52 24 57 60 29 83 77 88 32 71 37 87 10 80 96 48 90 46 25 95 89 18 56 84 16 26 36 59 94 85 64 61 0 98 5 6 9 40 35 70 54 43 19 63 75 82 65 7 38 62 49 21 34 93 92 11 50 86 69 73 14 27 39 45 58 31 13 74 47 22 17 78 42 72 51 99 67 44 33 1 20 66 3 81 91 53 8 97 76 12 15 2 23 41 30 4 28
68 50 58 86 59 33 64 69 34 87 9 16 22 53 27 1 36 63 70 30 26 67 55 13 28 98 93 92 44 12 99 66 48 96 10 23 37 25 83 7 89 40 91 32 52 51 35 0 17 61 95 88 20 29 57 49 74 38 11 76 97 54 18 85 47 42 78 62 65 71 14 19 56 94 73 46 24 41 2 4 90 39 21 3 77 81 8 82 45 79 31 5 43 15 6 75 60 84 80 72
53 26 66 41 61 83 55 5 67 32 92 40 75 80 82 19 44 1 97 98 58 79 36 22 42 47 65 71 74 27 85 64 46 76 57 93 48 69 24 13 70 0 15 90 16 7 4 78 29 23 37 12 73 56 52 54 8 87 86 62 91 60 96 68 59 17 6 45 95 30 2 50 14 9 18 25 49 35 89 63 11 43 10 20 34 39 77 3 94 31 84 72 33 21 51 81 88 28 99 38
47 31 94 45 12 38 77 16 1 83 81 68 27 32 14 5 25 84 13 69 72 22 98 4 15 73 49 76 17 74 75 51 70 86 89 71 40 8 35 30 9 97 61 55 29 96 63 34 48 92 54 67 95 19 36 57 53 82 0 88 3 11 59 33 20 44 42 43 58 6 64 87 78 10 7 41 90 21 46 23 18 85 26 56 65 60 50 80 91 2 93 52 79 39 99 37 62 66 24 28
91 10 24 45 56 5 74 68 64 97 79 65 88 33 82 14 67 89 0 35 29 85 57 7 3 15 46 92 78 31 2 12 90 43 6 30 53 23 22 61 60 73 19 62 41 69 52 50 98 34 25 96 59 42 4 70 95 1 38 44 18 20 83 49 99 80 86 77 37 21 28 32 16 39 8 58 27 54 84 48 66 36 13 87 76 81 72 71 9 94 11 51 26 40 17 47 55 63 93 75
50 86 46 8 47 41 44 12 62 93 60 20 77 55 84 96 19 83 7 38 85 30 78 52 13 79 94 61 70 87 51 25 42 35 73 11 92 66 67 53 88 5 40 39 81 6 15 98 27 91 23 68 22 58 64 10 49 72 29 18 45 4 24 71 54 59 97 31 21 17 28 56 36 75 57 90 9 1 76 14 0 2 74 16 82 34 32 37 43 95 89 63 69 3 80 99 33 48 65 26
73 68 52 34 41 65 54 85 38 32 6 63 7 5 18 98 79 92 0 16 1 91 45 77 51 30 94 43 53 89 11 76 4 10 25 50 60 42 3 74 37 97 81 80 67 17 82 96 75 84 78 58 62 15 22 23 35 47 72 33 13 83 28 59 26 64 49 27 29 9 12 21 56 46 66 14 55 90 86 39 57 99 44 71 24 95 31 19 69 2 40 20 36 93 88 61 87 48 8 70
21 75 47 81 76 12 67 42 90 33 58 68 43 19 98 64 56 0 57 4 95 45 86 73 5 88 8 34 1 40 80 35 59 66 11 14 26 83 22 15 17 60 65 20 77 85 94 99 49 44 74 78 10 6 30 82 36 92 31 84 2 72 89 16 62 79 54 28 87 52 63 97 46 41 27 3 37 25 93 9 51 61 69 18 71 50 24 91 53 29 23 38 7 96 70 13 32 55 48 39
45 42 10 7 66 44 71 25 63 88 16 64 51 14 34 95 65 27 60 22 21 87 67 50 62 33 69 82 6 32 30 57 77 53 96 79 12 19 13 39 41 83 11 99 89 2 58 49 80 35 93 17 1 90 55 40 76 91 75 52 70 38 47 28 43 37 59 98 54 8 56 86 85 15 72 78 48 68 92 61 0 23 3 81 9 97 4 5 24 26 18 20 84 74 94 36 29 46 31 73
20 74 89 11 55 48 21 67 46 32 87 3 66 56 79 1 15 2 57 62 72 8 27 34 18 59 31 7 52 19 42 38 22 65 95 93 6 76 81 77 53 13 10 26 91 68 69 54 86 92 83 0 96 29 80 41 97 28 23 73 99 9 60 84 63 37 4 44 71 30 82 50 75 5 88 70 43 36 39 64 61 25 33 14 16 85 12 98 94 17 24 49 40 45 47 51 35 90 78 58
32 84 85 74 68 90 46 70 88 0 91 20 69 95 11 44 62 45 4 12 82 64 80 79 34 78 52 71 60 22 15 67 77 59 86 35 23 98 56 38 3 36 18 28 1 41 16 65 25 7 66 17 97 99 31 33 96 73 81 24 83 30 49 76 19 21 48 37 26 43 92 5 58 54 10 47 55 61 63 89 51 87 8 9 75 50 29 27 42 94 53 40 93 6 14 72 13 57 2 39
14 23 29 89 26 69 38 84 75 43 15 41 74 59 24 99 55 71 65 67 44 61 91 62 25 54 21 9 40 60 3 83 31 56 46 45 73 10 68 87 30 88 1 20 34 11 93 17 42 51 53 47 90 28 92 96 4 66 81 98 18 49 48 32 22 79 77 97 5 70 63 12 72 36 7 64 78 37 82 35 16 52 94 6 39 19 95 58 33 80 50 13 8 76 0 57 86 2 27 85
67 74 62 46 94 17 41 73 86 59 99 31 22 71 39 21 90 4 10 55 77 84 51 65 72 30 61 33 49 19 89 5 37 24 80 2 56 83 69 87 42 28 40 93 78 25 91 20 63 29 27 9 18 96 68 54 88 52 0 64 70 92 7 79 6 53 81 66 36 43 11 35 45 76 34 82 15 12 48 3 13 57 44 85 98 23 8 32 75 1 58 26 97 95 14 60 47 50 38 16
51 75 86 2 49 8 94 3 46 70 87 25 37 33 7 32 19 31 93 82 44 57 58 39 97 99 47 29 90 45 20 30 66 61 68 16 56 78 69 38 9 11 80 5 74 21 14 76 63 26 28 53 27 92 83 42 88 10 67 4 50 13 81 23 17 1 72 18 91 77 79 62 41 22 35 40 34 59 60 98 73 36 96 43 24 64 48 54 65 84 71 15 89 12 55 52 0 85 6 95
14 1 94 90 12 91 40 60 72 13 56 6 7 70 69 68 84 95 99 55 80 93 86 41 65 88 63 17 48 23 20 24 76 46 44 26 18 47 75 49 4 62 0 5 10 34 31 9 79 78 21 85 3 30 32 51 25 81 54 89 82 43 57 83 29 38 77 19 8 52 92 96 61 16 42 33 39 35 87 98 37 64 11 15 74 2 71 27 50 36 58 22 67 28 66 59 53 97 73 45
98 9 18 89 81 43 80 20 67 45 86 47 30 25 39 66 50 74 72 34 63 21 27 33 99 1 90 87 24 41 22 36 71 76 79 77 51 28 15 55 31 60 56 6 62 57 73 19 78 84 95 11 16 29 97 83 32 61 49 2 88 92 12 59 38 69 35 44 96 17 8 13 82 85 0 91 52 68 46 53 4 14 75 58 10 48 94 26 54 37 7 42 23 65 93 64 40 5 3 70
78 66 38 63 61 10 48 50 99 79 7 27 80 98 92 69 39 60 37 32 71 74 18 57 86 40 21 87 96 73 91 89 1 15 44 30 53 6 46 29 47 13 31 67 2 12 62 75 97 34 76 36 28 70 58 0 14 72 42 77 26 5 4 68 49 88 64 51 56 23 19 90 55 11 85 41 8 84 94 95 17 43 35 52 20 3 22 9 33 54 59 65 82 45 24 16 25 81 93 83
35 6 25 64 36 59 27 46 10 8 58 93 23 39 7 83 72 24 82 32 53 48 55 16 42 17 18 87 90 33 94 4 54 77 47 80 57 49 74 71 97 67 73 63 26 79 1 91 69 37 76 30 95 12 86 51 99 0 88 81 21 98 84 66 68 19 38 28 56 52 60 61 89 43 40 31 85 22 96 15 2 20 9 34 41 13 45 44 5 62 11 3 50 14 92 75 78 70 65 29
56 44 83 33 68 65 52 3 64 11 70 31 45 78 80 84 51 35 87 95 74 4 15 7 99 73 0 14 10 47 55 13 41 94 62 66 2 48 76 81 6 69 18 30 38 90 67 75 82 34 92 24 98 39 79 71 77 29 42 59 1 72 17 50 46 60 28 57 96 12 25 21 32 40 63 9 16 54 37 19 89 22 27 97 61 88 58 23 86 91 85 8 49 5 20 26 36 53 43 93
2 1 3 2 1 1 1 2 3 1 3 2 2 1 3 1 3 3 1 3 2 3 3 2 1 2 2 1 2 2 1 2 2 1 1 1 3 1 2 2 2 2 2 1 3 2 3 1 2 2 2 3 1 2 2 2 3 2 3 1 3 1 1 2 1 1 3 2 1 1 2 3 2 2 2 1 2 1 3 1 1 3 1 3 3 1 1 3 1 3 2 3 2 1 1 2 2 3 2 2
